session id occassion trap.id
Oakbay2020 6 12 8
Oakbay2020 6 21 16
Oakbay2020 6 9 16
Oakbay2020 13 9 26
Oakbay2020 19 23 31
Oakbay2020 19 31 31
Oakbay2020 19 29 31
Oakbay2020 19 23 31
Oakbay2020 19 22 31
Oakbay2020 19 24 31
Oakbay2020 19 30 31
Oakbay2020 19 23 31
Oakbay2020 19 28 31
Oakbay2020 16 11 29
Oakbay2020 16 26 28
Oakbay2020 16 16 29
Oakbay2020 17 15 29
Oakbay2020 17 23 29
Oakbay2020 17 18 29
Oakbay2020 17 23 29
Oakbay2020 17 27 34
Oakbay2020 18 3 30
Oakbay2020 18 7 30
Oakbay2020 18 9 30
Oakbay2020 18 5 30
Oakbay2020 9 4 17
Oakbay2020 9 1 10
Oakbay2020 9 1 10
Oakbay2020 9 26 17
Oakbay2020 11 21 11
Oakbay2020 11 16 11
Oakbay2020 11 11 11
Oakbay2020 11 10 14
Oakbay2020 11 21 14
Oakbay2020 11 16 11
Oakbay2020 11 22 14
Oakbay2020 11 22 14
Oakbay2020 11 22 14
Oakbay2020 11 22 14
Oakbay2020 11 18 11
Oakbay2020 11 16 11
Oakbay2020 11 6 14
Oakbay2020 11 7 14
Oakbay2020 11 8 14
Oakbay2020 11 18 14
Oakbay2020 11 7 14
Oakbay2020 12 13 19
Oakbay2020 8 30 8
Oakbay2020 5 26 7
Oakbay2020 5 25 7
Oakbay2020 5 25 7
Oakbay2020 3 10 7
Oakbay2020 3 10 7
Oakbay2020 3 7 7
Oakbay2020 3 30 7
Oakbay2020 3 19 7
Oakbay2020 3 19 7
Oakbay2020 3 21 7
Oakbay2020 3 23 7
Oakbay2020 3 24 7
Oakbay2020 3 19 7
Oakbay2020 3 7 7
Oakbay2020 3 20 7
Oakbay2020 4 8 7
Oakbay2020 4 23 7
Oakbay2020 4 30 7
Oakbay2020 4 10 7
Oakbay2020 4 25 7
Oakbay2020 4 12 7
Oakbay2020 4 26 7
Oakbay2020 4 20 7
Oakbay2020 4 20 7
Oakbay2020 4 10 7
Oakbay2020 4 24 7
Oakbay2020 4 26 7
Oakbay2020 4 24 7
Oakbay2020 4 13 7
Oakbay2020 4 13 7
Oakbay2020 4 28 7
Oakbay2020 4 27 7
Oakbay2020 7 12 8
Oakbay2020 7 14 8
Oakbay2020 7 25 8
Oakbay2020 7 14 8
Oakbay2020 7 14 8
Oakbay2020 7 24 36
Oakbay2020 15 23 26
Oakbay2020 15 11 26
Oakbay2020 10 5 10
Oakbay2020 10 24 17
Oakbay2020 10 30 17
Oakbay2020 10 3 10
Oakbay2020 14 11 26
Oakbay2020 14 10 26
Oakbay2020 14 9 26
Oakbay2020 2 10 6
Oakbay2020 2 27 6
Oakbay2020 2 8 6
Oakbay2020 2 30 6
Oakbay2020 2 18 6
Oakbay2020 1 29 2
