session id occassion trap.id
Oakbay2023 24 15 26
Oakbay2023 27 25 29
Oakbay2023 27 8 29
Oakbay2023 27 30 29
Oakbay2023 27 19 32
Oakbay2023 30 1 33
Oakbay2023 13 15 9
Oakbay2023 13 7 9
Oakbay2023 12 25 9
Oakbay2023 12 1 9
Oakbay2023 12 14 9
Oakbay2023 12 14 9
Oakbay2023 12 14 9
Oakbay2023 12 9 9
Oakbay2023 12 9 9
Oakbay2023 12 20 9
Oakbay2023 12 16 9
Oakbay2023 12 25 9
Oakbay2023 12 17 9
Oakbay2023 12 11 10
Oakbay2023 12 20 9
Oakbay2023 12 2 10
Oakbay2023 12 1 10
Oakbay2023 12 15 10
Oakbay2023 12 3 9
Oakbay2023 12 27 9
Oakbay2023 12 12 9
Oakbay2023 12 26 9
Oakbay2023 14 15 9
Oakbay2023 5 1 5
Oakbay2023 5 3 10
Oakbay2023 5 3 10
Oakbay2023 5 3 10
Oakbay2023 5 28 10
Oakbay2023 16 9 12
Oakbay2023 10 4 7
Oakbay2023 10 13 11
Oakbay2023 10 11 7
Oakbay2023 6 3 6
Oakbay2023 20 1 23
Oakbay2023 20 20 23
Oakbay2023 20 14 23
Oakbay2023 20 14 23
Oakbay2023 20 17 23
Oakbay2023 20 21 24
Oakbay2023 20 9 23
Oakbay2023 20 14 23
Oakbay2023 20 9 23
Oakbay2023 20 14 23
Oakbay2023 20 9 23
Oakbay2023 20 9 23
Oakbay2023 20 22 23
Oakbay2023 20 12 23
Oakbay2023 20 20 23
Oakbay2023 20 14 23
Oakbay2023 20 24 23
Oakbay2023 20 20 23
Oakbay2023 20 30 23
Oakbay2023 20 14 23
Oakbay2023 20 22 23
Oakbay2023 20 14 23
Oakbay2023 20 16 23
Oakbay2023 23 16 25
Oakbay2023 29 22 32
Oakbay2023 29 27 32
Oakbay2023 29 19 32
Oakbay2023 29 5 32
Oakbay2023 29 24 32
Oakbay2023 29 8 32
Oakbay2023 29 20 33
Oakbay2023 28 7 30
Oakbay2023 28 28 30
Oakbay2023 22 4 25
Oakbay2023 22 12 25
Oakbay2023 22 1 25
Oakbay2023 22 9 25
Oakbay2023 22 7 25
Oakbay2023 22 1 25
Oakbay2023 22 9 25
Oakbay2023 22 7 25
Oakbay2023 22 12 25
Oakbay2023 22 21 25
Oakbay2023 7 7 6
Oakbay2023 17 10 16
Oakbay2023 17 15 16
Oakbay2023 31 19 33
Oakbay2023 9 3 7
Oakbay2023 9 7 7
Oakbay2023 26 7 29
Oakbay2023 19 13 20
Oakbay2023 1 20 1
Oakbay2023 8 2 7
Oakbay2023 3 13 2
Oakbay2023 3 13 2
Oakbay2023 2 3 2
Oakbay2023 4 16 2
Oakbay2023 11 25 7
Oakbay2023 25 20 27
Oakbay2023 25 26 27
Oakbay2023 25 29 27
Oakbay2023 25 4 27
Oakbay2023 18 19 19
Oakbay2023 18 19 19
Oakbay2023 18 20 23
Oakbay2023 18 17 23
Oakbay2023 18 17 23
Oakbay2023 18 24 23
Oakbay2023 18 20 23
Oakbay2023 18 20 23
Oakbay2023 18 14 23
Oakbay2023 18 14 23
Oakbay2023 18 16 23
Oakbay2023 18 9 23
Oakbay2023 18 24 23
Oakbay2023 18 24 23
Oakbay2023 18 1 23
Oakbay2023 15 28 10
Oakbay2023 21 16 23
Oakbay2023 21 13 23
Oakbay2023 21 17 23
Oakbay2023 21 18 23
Oakbay2023 21 29 23
Oakbay2023 21 19 23
Oakbay2023 21 29 23
Oakbay2023 21 28 23
Oakbay2023 21 29 23
Oakbay2023 21 19 23
Oakbay2023 21 4 23
