session id occassion trap.id
Oakbay2019 17 22 24
Oakbay2019 17 31 24
Oakbay2019 17 23 24
Oakbay2019 17 22 24
Oakbay2019 20 11 29
Oakbay2019 20 29 29
Oakbay2019 20 27 29
Oakbay2019 20 23 29
Oakbay2019 20 19 29
Oakbay2019 20 8 29
Oakbay2019 20 4 29
Oakbay2019 20 12 29
Oakbay2019 20 29 29
Oakbay2019 20 22 29
Oakbay2019 20 24 29
Oakbay2019 20 11 29
Oakbay2019 20 27 29
Oakbay2019 20 27 29
Oakbay2019 20 31 29
Oakbay2019 20 14 29
Oakbay2019 18 19 27
Oakbay2019 18 20 27
Oakbay2019 18 30 27
Oakbay2019 18 25 27
Oakbay2019 18 15 27
Oakbay2019 18 20 27
Oakbay2019 19 17 27
Oakbay2019 4 1 5
Oakbay2019 9 9 8
Oakbay2019 9 15 10
Oakbay2019 11 2 9
Oakbay2019 15 26 21
Oakbay2019 15 26 21
Oakbay2019 15 11 29
Oakbay2019 15 11 25
Oakbay2019 8 3 7
Oakbay2019 8 3 7
Oakbay2019 8 2 7
Oakbay2019 8 3 13
Oakbay2019 8 4 13
Oakbay2019 8 28 13
Oakbay2019 8 2 7
Oakbay2019 7 17 6
Oakbay2019 7 25 8
Oakbay2019 7 20 10
Oakbay2019 7 29 10
Oakbay2019 7 11 10
Oakbay2019 7 23 8
Oakbay2019 7 11 10
Oakbay2019 7 20 10
Oakbay2019 7 26 8
Oakbay2019 7 10 10
Oakbay2019 7 5 10
Oakbay2019 7 19 10
Oakbay2019 7 11 10
Oakbay2019 12 20 9
Oakbay2019 12 12 9
Oakbay2019 12 22 9
Oakbay2019 12 22 9
Oakbay2019 10 24 8
Oakbay2019 1 18 2
Oakbay2019 1 21 2
Oakbay2019 14 6 15
Oakbay2019 14 13 15
Oakbay2019 14 2 17
Oakbay2019 14 29 17
Oakbay2019 14 21 19
Oakbay2019 5 1 5
Oakbay2019 5 1 5
Oakbay2019 5 11 5
Oakbay2019 5 9 5
Oakbay2019 5 5 5
Oakbay2019 5 2 5
Oakbay2019 5 7 5
Oakbay2019 5 11 5
Oakbay2019 5 11 5
Oakbay2019 5 15 5
Oakbay2019 6 3 5
Oakbay2019 6 9 5
Oakbay2019 6 9 5
Oakbay2019 6 18 5
Oakbay2019 6 13 5
Oakbay2019 6 1 5
Oakbay2019 6 1 5
Oakbay2019 6 4 5
Oakbay2019 6 5 5
Oakbay2019 6 9 5
Oakbay2019 6 10 5
Oakbay2019 3 28 4
Oakbay2019 13 23 12
Oakbay2019 16 29 24
Oakbay2019 16 14 24
Oakbay2019 16 4 24
Oakbay2019 16 7 24
Oakbay2019 16 7 24
Oakbay2019 2 18 3
