session id occassion trap.id
Oakbay2022 22 16 32
Oakbay2022 22 16 23
Oakbay2022 22 7 32
Oakbay2022 3 29 25
Oakbay2022 3 16 2
Oakbay2022 3 23 2
Oakbay2022 3 4 25
Oakbay2022 3 26 25
Oakbay2022 3 10 25
Oakbay2022 24 29 24
Oakbay2022 24 1 26
Oakbay2022 24 1 26
Oakbay2022 24 2 26
Oakbay2022 24 8 31
Oakbay2022 24 2 26
Oakbay2022 24 2 26
Oakbay2022 24 29 31
Oakbay2022 24 17 27
Oakbay2022 24 6 27
Oakbay2022 34 26 31
Oakbay2022 30 27 31
Oakbay2022 30 27 31
Oakbay2022 30 7 31
Oakbay2022 30 17 31
Oakbay2022 30 16 31
Oakbay2022 30 4 31
Oakbay2022 37 6 35
Oakbay2022 37 9 35
Oakbay2022 29 17 30
Oakbay2022 29 16 34
Oakbay2022 29 9 34
Oakbay2022 29 12 30
Oakbay2022 28 4 30
Oakbay2022 31 18 31
Oakbay2022 31 26 31
Oakbay2022 31 22 36
Oakbay2022 31 10 31
Oakbay2022 43 8 36
Oakbay2022 43 8 36
Oakbay2022 12 19 10
Oakbay2022 12 20 10
Oakbay2022 12 9 10
Oakbay2022 12 9 10
Oakbay2022 12 23 10
Oakbay2022 12 13 10
Oakbay2022 12 7 10
Oakbay2022 12 13 10
Oakbay2022 12 21 10
Oakbay2022 12 19 10
Oakbay2022 12 13 10
Oakbay2022 11 17 10
Oakbay2022 11 20 10
Oakbay2022 11 15 10
Oakbay2022 11 25 10
Oakbay2022 11 27 10
Oakbay2022 11 13 11
Oakbay2022 11 5 10
Oakbay2022 11 4 10
Oakbay2022 11 17 10
Oakbay2022 11 19 10
Oakbay2022 11 27 11
Oakbay2022 11 15 10
Oakbay2022 11 22 10
Oakbay2022 11 29 10
Oakbay2022 11 8 10
Oakbay2022 11 10 10
Oakbay2022 10 20 10
Oakbay2022 10 2 10
Oakbay2022 10 2 10
Oakbay2022 10 2 10
Oakbay2022 14 10 11
Oakbay2022 14 15 11
Oakbay2022 8 1 9
Oakbay2022 8 9 9
Oakbay2022 8 13 13
Oakbay2022 8 6 13
Oakbay2022 8 24 13
Oakbay2022 8 18 13
Oakbay2022 8 10 13
Oakbay2022 8 17 13
Oakbay2022 8 20 13
Oakbay2022 19 16 21
Oakbay2022 19 6 21
Oakbay2022 19 7 21
Oakbay2022 39 1 36
Oakbay2022 17 2 17
Oakbay2022 23 22 23
Oakbay2022 23 12 32
Oakbay2022 23 4 32
Oakbay2022 35 16 34
Oakbay2022 36 16 34
Oakbay2022 36 26 34
Oakbay2022 36 21 34
Oakbay2022 36 22 34
Oakbay2022 4 27 2
Oakbay2022 4 13 3
Oakbay2022 4 17 3
Oakbay2022 4 17 3
Oakbay2022 26 29 31
Oakbay2022 26 14 27
Oakbay2022 32 24 31
Oakbay2022 32 13 31
Oakbay2022 25 1 26
Oakbay2022 25 2 26
Oakbay2022 25 1 26
Oakbay2022 33 17 31
Oakbay2022 15 19 11
Oakbay2022 41 6 36
Oakbay2022 27 1 30
Oakbay2022 27 20 30
Oakbay2022 27 12 30
Oakbay2022 27 2 30
Oakbay2022 18 23 20
Oakbay2022 18 28 21
Oakbay2022 18 27 21
Oakbay2022 18 28 21
Oakbay2022 18 6 24
Oakbay2022 18 6 24
Oakbay2022 18 27 21
Oakbay2022 16 1 17
Oakbay2022 1 19 2
Oakbay2022 1 11 2
Oakbay2022 1 16 2
Oakbay2022 2 12 2
Oakbay2022 2 19 2
Oakbay2022 2 19 2
Oakbay2022 2 15 2
Oakbay2022 2 16 2
Oakbay2022 2 19 2
Oakbay2022 2 21 2
Oakbay2022 2 16 2
Oakbay2022 5 29 2
Oakbay2022 38 29 35
Oakbay2022 38 30 35
Oakbay2022 38 26 35
Oakbay2022 38 20 35
Oakbay2022 38 29 35
Oakbay2022 38 21 35
Oakbay2022 6 15 7
Oakbay2022 6 8 7
Oakbay2022 6 28 3
Oakbay2022 6 10 7
Oakbay2022 20 3 23
Oakbay2022 20 3 23
Oakbay2022 20 3 23
Oakbay2022 20 1 23
Oakbay2022 40 24 36
Oakbay2022 40 2 36
Oakbay2022 40 16 36
Oakbay2022 40 16 36
Oakbay2022 42 24 36
Oakbay2022 42 22 36
Oakbay2022 42 11 36
Oakbay2022 42 25 36
Oakbay2022 42 25 36
Oakbay2022 42 13 36
Oakbay2022 42 16 36
Oakbay2022 42 16 36
Oakbay2022 42 24 36
Oakbay2022 42 21 36
Oakbay2022 42 24 36
Oakbay2022 42 7 36
Oakbay2022 42 9 36
Oakbay2022 42 21 36
Oakbay2022 42 7 36
Oakbay2022 42 7 36
Oakbay2022 42 21 36
Oakbay2022 42 20 36
Oakbay2022 42 17 36
Oakbay2022 13 26 10
Oakbay2022 13 17 11
Oakbay2022 9 9 14
Oakbay2022 9 23 9
Oakbay2022 9 23 9
Oakbay2022 9 24 9
Oakbay2022 9 28 14
Oakbay2022 9 22 14
Oakbay2022 9 12 14
Oakbay2022 7 6 5
Oakbay2022 21 2 26
Oakbay2022 21 3 23
Oakbay2022 21 16 27
