session id occassion trap.id
Oakbay2021 23 8 14
Oakbay2021 23 3 14
Oakbay2021 23 8 14
Oakbay2021 23 11 14
Oakbay2021 23 7 14
Oakbay2021 23 7 14
Oakbay2021 23 5 14
Oakbay2021 23 5 14
Oakbay2021 23 9 14
Oakbay2021 23 7 14
Oakbay2021 44 18 29
Oakbay2021 44 14 29
Oakbay2021 44 15 29
Oakbay2021 44 20 29
Oakbay2021 31 28 24
Oakbay2021 31 28 24
Oakbay2021 31 15 24
Oakbay2021 31 2 24
Oakbay2021 31 30 24
Oakbay2021 31 10 24
Oakbay2021 31 15 24
Oakbay2021 45 14 29
Oakbay2021 45 14 29
Oakbay2021 45 20 29
Oakbay2021 45 23 29
Oakbay2021 45 22 29
Oakbay2021 45 18 29
Oakbay2021 36 5 32
Oakbay2021 36 16 27
Oakbay2021 36 11 28
Oakbay2021 35 17 27
Oakbay2021 35 4 27
Oakbay2021 35 13 32
Oakbay2021 39 27 27
Oakbay2021 46 3 32
Oakbay2021 40 6 28
Oakbay2021 40 3 28
Oakbay2021 40 16 32
Oakbay2021 21 2 11
Oakbay2021 15 14 8
Oakbay2021 15 3 8
Oakbay2021 20 2 10
Oakbay2021 22 10 11
Oakbay2021 18 27 8
Oakbay2021 18 28 8
Oakbay2021 25 17 18
Oakbay2021 25 27 18
Oakbay2021 25 11 18
Oakbay2021 25 30 18
Oakbay2021 25 7 18
Oakbay2021 25 27 18
Oakbay2021 25 3 19
Oakbay2021 25 2 19
Oakbay2021 25 2 19
Oakbay2021 41 3 28
Oakbay2021 11 3 7
Oakbay2021 11 3 7
Oakbay2021 11 3 7
Oakbay2021 11 16 7
Oakbay2021 11 7 7
Oakbay2021 11 12 7
Oakbay2021 11 12 7
Oakbay2021 11 13 7
Oakbay2021 11 1 7
Oakbay2021 11 14 7
Oakbay2021 11 2 7
Oakbay2021 11 11 7
Oakbay2021 11 11 7
Oakbay2021 12 15 7
Oakbay2021 12 18 8
Oakbay2021 12 6 7
Oakbay2021 12 4 7
Oakbay2021 12 15 7
Oakbay2021 12 15 7
Oakbay2021 12 1 7
Oakbay2021 12 15 7
Oakbay2021 12 28 8
Oakbay2021 38 21 27
Oakbay2021 13 1 7
Oakbay2021 13 1 7
Oakbay2021 9 14 4
Oakbay2021 9 19 4
Oakbay2021 9 8 4
Oakbay2021 9 5 4
Oakbay2021 9 7 4
Oakbay2021 9 13 4
Oakbay2021 9 15 4
Oakbay2021 9 28 4
Oakbay2021 9 30 4
Oakbay2021 9 15 4
Oakbay2021 9 28 4
Oakbay2021 9 8 4
Oakbay2021 37 17 27
Oakbay2021 14 1 7
Oakbay2021 33 4 27
Oakbay2021 33 29 27
Oakbay2021 33 11 27
Oakbay2021 33 30 27
Oakbay2021 33 1 27
Oakbay2021 33 21 27
Oakbay2021 30 16 23
Oakbay2021 30 17 24
Oakbay2021 30 10 23
Oakbay2021 30 30 24
Oakbay2021 30 30 24
Oakbay2021 30 3 24
Oakbay2021 30 20 24
Oakbay2021 30 5 24
Oakbay2021 30 8 24
Oakbay2021 30 25 24
Oakbay2021 30 4 24
Oakbay2021 30 18 24
Oakbay2021 30 1 24
Oakbay2021 30 24 24
Oakbay2021 30 23 24
Oakbay2021 30 7 24
Oakbay2021 30 2 24
Oakbay2021 30 28 24
Oakbay2021 30 8 24
Oakbay2021 30 11 24
Oakbay2021 30 26 24
Oakbay2021 30 30 24
Oakbay2021 27 12 22
Oakbay2021 27 12 22
Oakbay2021 27 12 22
Oakbay2021 27 16 22
Oakbay2021 32 21 24
Oakbay2021 32 7 28
Oakbay2021 32 10 24
Oakbay2021 32 9 24
Oakbay2021 32 29 28
Oakbay2021 32 5 28
Oakbay2021 7 3 3
Oakbay2021 7 9 3
Oakbay2021 7 2 3
Oakbay2021 2 25 1
Oakbay2021 2 6 1
Oakbay2021 2 6 2
Oakbay2021 2 29 2
Oakbay2021 3 1 2
Oakbay2021 3 6 1
Oakbay2021 3 11 2
Oakbay2021 3 17 2
Oakbay2021 3 1 2
Oakbay2021 3 1 2
Oakbay2021 3 11 2
Oakbay2021 42 8 28
Oakbay2021 42 23 28
Oakbay2021 42 29 28
Oakbay2021 48 5 32
Oakbay2021 16 9 8
Oakbay2021 16 3 8
Oakbay2021 16 15 8
Oakbay2021 16 3 8
Oakbay2021 16 9 8
Oakbay2021 34 18 27
Oakbay2021 34 18 27
Oakbay2021 34 3 27
Oakbay2021 43 29 28
Oakbay2021 24 3 17
Oakbay2021 24 1 17
Oakbay2021 5 29 1
Oakbay2021 5 13 2
Oakbay2021 5 27 2
Oakbay2021 5 25 1
Oakbay2021 5 22 2
Oakbay2021 5 13 2
Oakbay2021 4 17 1
Oakbay2021 4 27 2
Oakbay2021 17 19 8
Oakbay2021 6 11 2
Oakbay2021 6 11 2
Oakbay2021 8 13 3
Oakbay2021 8 28 3
Oakbay2021 8 10 7
Oakbay2021 28 22 23
Oakbay2021 28 14 23
Oakbay2021 28 4 23
Oakbay2021 28 24 23
Oakbay2021 28 9 23
Oakbay2021 28 9 23
Oakbay2021 28 24 24
Oakbay2021 28 4 23
Oakbay2021 26 17 18
Oakbay2021 26 17 18
Oakbay2021 26 18 18
Oakbay2021 47 7 32
Oakbay2021 47 3 32
Oakbay2021 19 3 9
Oakbay2021 19 14 9
Oakbay2021 19 22 9
Oakbay2021 19 10 11
Oakbay2021 19 9 11
Oakbay2021 1 17 1
Oakbay2021 1 2 1
Oakbay2021 10 26 4
Oakbay2021 10 24 4
Oakbay2021 10 25 4
Oakbay2021 10 25 4
Oakbay2021 10 5 4
Oakbay2021 10 10 4
Oakbay2021 10 19 4
Oakbay2021 10 12 4
Oakbay2021 10 28 4
Oakbay2021 10 13 4
Oakbay2021 10 1 7
Oakbay2021 10 15 4
Oakbay2021 10 14 4
Oakbay2021 10 6 4
Oakbay2021 10 10 4
Oakbay2021 10 12 4
Oakbay2021 10 12 4
Oakbay2021 10 30 4
Oakbay2021 29 14 23
Oakbay2021 29 6 24
Oakbay2021 29 9 23
Oakbay2021 29 4 23
Oakbay2021 29 13 23
Oakbay2021 29 1 24
Oakbay2021 29 4 23
Oakbay2021 29 24 23
Oakbay2021 29 9 23
