session id occassion trap.id
Oakbay2018 1 27 43
Oakbay2018 1 16 43
Oakbay2018 1 16 43
Oakbay2018 2 7 43
Oakbay2018 2 24 43
Oakbay2018 2 18 43
Oakbay2018 3 1 10
Oakbay2018 3 21 10
Oakbay2018 3 8 10
Oakbay2018 3 22 10
Oakbay2018 3 16 10
Oakbay2018 3 4 10
Oakbay2018 3 7 10
Oakbay2018 3 5 10
Oakbay2018 3 5 10
Oakbay2018 3 6 10
Oakbay2018 3 10 10
Oakbay2018 3 18 10
Oakbay2018 3 13 10
Oakbay2018 3 14 10
Oakbay2018 3 11 10
Oakbay2018 3 15 10
Oakbay2018 3 22 10
Oakbay2018 3 19 10
Oakbay2018 3 19 10
Oakbay2018 3 11 10
Oakbay2018 3 27 10
Oakbay2018 3 9 12
Oakbay2018 4 9 27
Oakbay2018 5 26 49
Oakbay2018 6 8 66
Oakbay2018 7 4 28
Oakbay2018 8 10 57
Oakbay2018 8 4 57
Oakbay2018 8 5 57
Oakbay2018 8 7 57
Oakbay2018 8 17 57
Oakbay2018 8 1 57
Oakbay2018 8 10 57
Oakbay2018 8 28 57
Oakbay2018 8 12 57
Oakbay2018 8 23 57
Oakbay2018 8 15 57
Oakbay2018 8 18 57
Oakbay2018 8 3 57
Oakbay2018 8 7 57
Oakbay2018 9 16 50
Oakbay2018 9 16 50
Oakbay2018 9 24 50
Oakbay2018 10 11 51
Oakbay2019 13 23 50
Oakbay2019 13 22 50
Oakbay2019 13 22 50
Oakbay2019 15 29 57
Oakbay2019 15 19 57
Oakbay2019 15 29 57
Oakbay2019 15 23 57
Oakbay2019 15 12 57
Oakbay2019 15 14 57
Oakbay2019 15 11 57
Oakbay2019 15 27 57
Oakbay2019 15 8 57
Oakbay2019 15 4 57
Oakbay2019 15 22 57
Oakbay2019 15 27 57
Oakbay2019 15 24 57
Oakbay2019 15 11 57
Oakbay2019 15 27 57
Oakbay2019 19 30 54
Oakbay2019 19 15 54
Oakbay2019 19 25 54
Oakbay2019 19 19 54
Oakbay2019 19 20 54
Oakbay2019 19 20 54
Oakbay2019 20 17 54
Oakbay2019 21 1 10
Oakbay2019 25 9 18
Oakbay2019 25 15 22
Oakbay2019 26 2 19
Oakbay2019 27 26 44
Oakbay2019 27 26 44
Oakbay2019 27 11 57
Oakbay2019 27 11 51
Oakbay2019 28 3 15
Oakbay2019 28 2 15
Oakbay2019 28 3 15
Oakbay2019 28 4 28
Oakbay2019 28 3 28
Oakbay2019 28 2 15
Oakbay2019 28 28 28
Oakbay2019 29 17 14
Oakbay2019 29 25 18
Oakbay2019 29 11 22
Oakbay2019 29 11 22
Oakbay2019 29 20 22
Oakbay2019 29 23 18
Oakbay2019 29 29 22
Oakbay2019 29 20 22
Oakbay2019 29 26 18
Oakbay2019 29 19 22
Oakbay2019 29 11 22
Oakbay2019 29 5 22
Oakbay2019 29 10 22
Oakbay2019 30 20 19
Oakbay2019 30 22 19
Oakbay2019 30 22 19
Oakbay2019 30 12 19
Oakbay2019 32 24 18
Oakbay2019 35 18 4
Oakbay2019 35 21 4
Oakbay2019 38 6 31
Oakbay2019 38 13 31
Oakbay2019 38 2 35
Oakbay2019 38 29 35
Oakbay2019 38 21 39
Oakbay2019 40 1 10
Oakbay2019 40 1 10
Oakbay2019 40 5 10
Oakbay2019 40 11 10
Oakbay2019 40 11 10
Oakbay2019 40 2 10
Oakbay2019 40 15 10
Oakbay2019 40 7 10
Oakbay2019 40 11 10
Oakbay2019 40 9 10
Oakbay2019 41 9 10
Oakbay2019 41 3 10
Oakbay2019 41 18 10
Oakbay2019 41 13 10
Oakbay2019 41 9 10
Oakbay2019 41 1 10
Oakbay2019 41 1 10
Oakbay2019 41 4 10
Oakbay2019 41 9 10
Oakbay2019 41 5 10
Oakbay2019 41 10 10
Oakbay2019 46 28 8
Oakbay2019 48 23 26
Oakbay2019 49 7 50
Oakbay2019 49 29 50
Oakbay2019 49 14 50
Oakbay2019 49 4 50
Oakbay2019 49 7 50
Oakbay2019 50 18 7
Oakbay2020 4 12 13
Oakbay2020 4 9 27
Oakbay2020 4 21 27
Oakbay2020 12 9 50
Oakbay2020 15 22 57
Oakbay2020 15 28 57
Oakbay2020 15 23 57
Oakbay2020 15 30 57
Oakbay2020 15 23 57
Oakbay2020 15 24 57
Oakbay2020 15 29 57
Oakbay2020 15 23 57
Oakbay2020 17 26 52
Oakbay2020 17 11 54
Oakbay2020 17 16 54
Oakbay2020 21 18 54
Oakbay2020 21 23 54
Oakbay2020 21 23 54
Oakbay2020 21 15 54
Oakbay2020 21 27 62
Oakbay2020 22 9 55
Oakbay2020 22 5 55
Oakbay2020 22 7 55
Oakbay2020 22 3 55
Oakbay2020 28 1 15
Oakbay2020 28 1 15
Oakbay2020 28 4 28
Oakbay2020 28 26 28
Oakbay2020 29 16 18
Oakbay2020 29 18 18
Oakbay2020 29 16 18
Oakbay2020 29 7 22
Oakbay2020 29 21 18
Oakbay2020 29 22 22
Oakbay2020 29 6 22
Oakbay2020 29 21 22
Oakbay2020 29 7 22
Oakbay2020 29 10 22
Oakbay2020 29 16 18
Oakbay2020 29 11 18
Oakbay2020 29 22 22
Oakbay2020 29 22 22
Oakbay2020 29 22 22
Oakbay2020 29 18 22
Oakbay2020 29 8 22
Oakbay2020 33 13 31
Oakbay2020 36 30 13
Oakbay2020 37 26 10
Oakbay2020 37 25 10
Oakbay2020 37 25 10
Oakbay2020 40 20 10
Oakbay2020 40 19 10
Oakbay2020 40 7 10
Oakbay2020 40 10 10
Oakbay2020 40 19 10
Oakbay2020 40 21 10
Oakbay2020 40 19 10
Oakbay2020 40 7 10
Oakbay2020 40 10 10
Oakbay2020 40 30 10
Oakbay2020 40 23 10
Oakbay2020 40 24 10
Oakbay2020 41 26 10
Oakbay2020 41 20 10
Oakbay2020 41 10 10
Oakbay2020 41 10 10
Oakbay2020 41 26 10
Oakbay2020 41 25 10
Oakbay2020 41 24 10
Oakbay2020 41 20 10
Oakbay2020 41 13 10
Oakbay2020 41 28 10
Oakbay2020 41 12 10
Oakbay2020 41 23 10
Oakbay2020 41 24 10
Oakbay2020 41 30 10
Oakbay2020 41 13 10
Oakbay2020 41 8 10
Oakbay2020 41 27 10
Oakbay2020 50 14 13
Oakbay2020 50 25 13
Oakbay2020 50 14 13
Oakbay2020 50 12 13
Oakbay2020 50 14 13
Oakbay2020 50 24 67
Oakbay2020 52 11 50
Oakbay2020 52 23 50
Oakbay2020 53 5 15
Oakbay2020 53 30 28
Oakbay2020 53 24 28
Oakbay2020 53 3 15
Oakbay2020 55 11 50
Oakbay2020 55 10 50
Oakbay2020 55 9 50
Oakbay2020 57 27 8
Oakbay2020 57 10 8
Oakbay2020 57 8 8
Oakbay2020 57 18 8
Oakbay2020 57 30 8
Oakbay2020 58 29 2
Oakbay2021 4 8 27
Oakbay2021 4 3 27
Oakbay2021 4 8 27
Oakbay2021 4 11 27
Oakbay2021 4 7 27
Oakbay2021 4 7 27
Oakbay2021 4 5 27
Oakbay2021 4 5 27
Oakbay2021 4 9 27
Oakbay2021 4 7 27
Oakbay2021 8 18 57
Oakbay2021 8 14 57
Oakbay2021 8 15 57
Oakbay2021 8 20 57
Oakbay2021 13 28 50
Oakbay2021 13 28 50
Oakbay2021 13 15 50
Oakbay2021 13 2 50
Oakbay2021 13 30 50
Oakbay2021 13 10 50
Oakbay2021 13 15 50
Oakbay2021 15 14 57
Oakbay2021 15 14 57
Oakbay2021 15 20 57
Oakbay2021 15 23 57
Oakbay2021 15 22 57
Oakbay2021 15 18 57
Oakbay2021 16 5 63
Oakbay2021 16 16 54
Oakbay2021 16 11 56
Oakbay2021 19 17 54
Oakbay2021 19 4 54
Oakbay2021 19 13 63
Oakbay2021 20 27 54
Oakbay2021 21 3 63
Oakbay2021 22 6 56
Oakbay2021 22 3 56
Oakbay2021 22 16 63
Oakbay2021 25 2 18
Oakbay2021 27 14 13
Oakbay2021 27 3 13
Oakbay2021 28 2 16
Oakbay2021 29 10 18
Oakbay2021 34 27 13
Oakbay2021 34 28 13
Oakbay2021 38 17 36
Oakbay2021 38 27 36
Oakbay2021 38 11 36
Oakbay2021 38 30 36
Oakbay2021 38 7 36
Oakbay2021 38 27 36
Oakbay2021 38 3 40
Oakbay2021 38 2 40
Oakbay2021 38 2 40
Oakbay2021 39 3 56
Oakbay2021 40 3 10
Oakbay2021 40 3 10
Oakbay2021 40 3 10
Oakbay2021 40 16 10
Oakbay2021 40 7 10
Oakbay2021 40 12 10
Oakbay2021 40 12 10
Oakbay2021 40 13 10
Oakbay2021 40 1 10
Oakbay2021 40 14 10
Oakbay2021 40 2 10
Oakbay2021 40 11 10
Oakbay2021 40 11 10
Oakbay2021 41 15 10
Oakbay2021 41 18 13
Oakbay2021 41 6 10
Oakbay2021 41 4 10
Oakbay2021 41 15 10
Oakbay2021 41 15 10
Oakbay2021 41 1 10
Oakbay2021 41 15 10
Oakbay2021 41 28 13
Oakbay2021 42 21 54
Oakbay2021 43 1 10
Oakbay2021 43 1 10
Oakbay2021 44 14 6
Oakbay2021 44 19 6
Oakbay2021 44 8 6
Oakbay2021 44 5 6
Oakbay2021 44 7 6
Oakbay2021 44 13 6
Oakbay2021 44 15 6
Oakbay2021 44 28 6
Oakbay2021 44 30 6
Oakbay2021 44 15 6
Oakbay2021 44 28 6
Oakbay2021 44 8 6
Oakbay2021 45 17 54
Oakbay2021 47 1 10
Oakbay2021 51 4 54
Oakbay2021 51 29 54
Oakbay2021 51 11 54
Oakbay2021 51 30 54
Oakbay2021 51 1 54
Oakbay2021 51 21 54
Oakbay2021 52 16 49
Oakbay2021 52 17 50
Oakbay2021 52 10 49
Oakbay2021 52 30 50
Oakbay2021 52 30 50
Oakbay2021 52 3 50
Oakbay2021 52 20 50
Oakbay2021 52 5 50
Oakbay2021 52 8 50
Oakbay2021 52 25 50
Oakbay2021 52 4 50
Oakbay2021 52 18 50
Oakbay2021 52 1 50
Oakbay2021 52 24 50
Oakbay2021 52 23 50
Oakbay2021 52 7 50
Oakbay2021 52 2 50
Oakbay2021 52 28 50
Oakbay2021 52 8 50
Oakbay2021 52 11 50
Oakbay2021 52 26 50
Oakbay2021 52 30 50
Oakbay2021 54 12 48
Oakbay2021 54 12 48
Oakbay2021 54 12 48
Oakbay2021 54 16 48
Oakbay2021 56 21 50
Oakbay2021 56 7 56
Oakbay2021 56 10 50
Oakbay2021 56 9 50
Oakbay2021 56 29 56
Oakbay2021 56 5 56
Oakbay2021 57 3 5
Oakbay2021 57 9 5
Oakbay2021 57 2 5
Oakbay2021 58 25 1
Oakbay2021 58 6 1
Oakbay2021 58 6 3
Oakbay2021 58 29 3
Oakbay2021 59 1 3
Oakbay2021 59 6 1
Oakbay2021 59 11 3
Oakbay2021 59 17 3
Oakbay2021 59 1 3
Oakbay2021 59 1 3
Oakbay2021 59 11 3
Oakbay2021 60 8 56
Oakbay2021 60 23 56
Oakbay2021 60 29 56
Oakbay2021 63 5 63
Oakbay2021 69 9 13
Oakbay2021 69 3 13
Oakbay2021 69 15 13
Oakbay2021 69 3 13
Oakbay2021 69 9 13
Oakbay2021 70 18 54
Oakbay2021 70 18 54
Oakbay2021 70 3 54
Oakbay2021 71 29 56
Oakbay2021 72 3 34
Oakbay2021 72 1 34
Oakbay2021 75 29 1
Oakbay2021 75 13 3
Oakbay2021 75 27 3
Oakbay2021 75 25 1
Oakbay2021 75 22 3
Oakbay2021 75 13 3
Oakbay2021 76 17 1
Oakbay2021 76 27 3
Oakbay2021 77 19 13
Oakbay2021 79 11 3
Oakbay2021 79 11 3
Oakbay2021 82 13 5
Oakbay2021 82 28 5
Oakbay2021 82 10 10
Oakbay2021 83 22 49
Oakbay2021 83 14 49
Oakbay2021 83 4 49
Oakbay2021 83 24 49
Oakbay2021 83 9 49
Oakbay2021 83 9 49
Oakbay2021 83 24 50
Oakbay2021 83 4 49
Oakbay2021 85 17 36
Oakbay2021 85 17 36
Oakbay2021 85 18 36
Oakbay2021 87 7 63
Oakbay2021 87 3 63
Oakbay2021 90 3 14
Oakbay2021 90 14 14
Oakbay2021 90 22 14
Oakbay2021 90 10 18
Oakbay2021 90 9 18
Oakbay2021 91 17 1
Oakbay2021 91 2 1
Oakbay2021 92 26 6
Oakbay2021 92 24 6
Oakbay2021 92 25 6
Oakbay2021 92 25 6
Oakbay2021 92 5 6
Oakbay2021 92 10 6
Oakbay2021 92 19 6
Oakbay2021 92 12 6
Oakbay2021 92 28 6
Oakbay2021 92 13 6
Oakbay2021 92 1 10
Oakbay2021 92 15 6
Oakbay2021 92 14 6
Oakbay2021 92 6 6
Oakbay2021 92 10 6
Oakbay2021 92 12 6
Oakbay2021 92 12 6
Oakbay2021 92 30 6
Oakbay2021 93 14 49
Oakbay2021 93 6 50
Oakbay2021 93 9 49
Oakbay2021 93 4 49
Oakbay2021 93 13 49
Oakbay2021 93 1 50
Oakbay2021 93 4 49
Oakbay2021 93 24 49
Oakbay2021 93 9 49
Oakbay2022 8 16 57
Oakbay2022 8 16 40
Oakbay2022 8 7 57
Oakbay2022 11 29 48
Oakbay2022 11 16 3
Oakbay2022 11 23 3
Oakbay2022 11 4 48
Oakbay2022 11 26 48
Oakbay2022 11 10 48
Oakbay2022 13 29 41
Oakbay2022 13 1 49
Oakbay2022 13 1 49
Oakbay2022 13 2 49
Oakbay2022 13 8 56
Oakbay2022 13 2 49
Oakbay2022 13 2 49
Oakbay2022 13 29 56
Oakbay2022 13 17 50
Oakbay2022 13 6 50
Oakbay2022 14 26 56
Oakbay2022 16 27 56
Oakbay2022 16 27 56
Oakbay2022 16 7 56
Oakbay2022 16 17 56
Oakbay2022 16 16 56
Oakbay2022 16 4 56
Oakbay2022 18 6 64
Oakbay2022 18 9 64
Oakbay2022 19 17 54
Oakbay2022 19 16 61
Oakbay2022 19 9 61
Oakbay2022 19 12 54
Oakbay2022 21 4 54
Oakbay2022 22 18 56
Oakbay2022 22 26 56
Oakbay2022 22 22 66
Oakbay2022 22 10 56
Oakbay2022 23 8 66
Oakbay2022 23 8 66
Oakbay2022 24 19 17
Oakbay2022 24 20 17
Oakbay2022 24 9 17
Oakbay2022 24 9 17
Oakbay2022 24 23 17
Oakbay2022 24 13 17
Oakbay2022 24 7 17
Oakbay2022 24 13 17
Oakbay2022 24 21 17
Oakbay2022 24 19 17
Oakbay2022 24 13 17
Oakbay2022 25 17 17
Oakbay2022 25 20 17
Oakbay2022 25 15 17
Oakbay2022 25 25 17
Oakbay2022 25 27 17
Oakbay2022 25 13 18
Oakbay2022 25 5 17
Oakbay2022 25 4 17
Oakbay2022 25 17 17
Oakbay2022 25 19 17
Oakbay2022 25 27 18
Oakbay2022 25 15 17
Oakbay2022 25 22 17
Oakbay2022 25 29 17
Oakbay2022 25 8 17
Oakbay2022 25 10 17
Oakbay2022 26 20 17
Oakbay2022 26 2 17
Oakbay2022 26 2 17
Oakbay2022 26 2 17
Oakbay2022 29 10 18
Oakbay2022 29 15 18
Oakbay2022 31 1 14
Oakbay2022 31 9 14
Oakbay2022 31 13 21
Oakbay2022 31 6 21
Oakbay2022 31 24 21
Oakbay2022 31 18 21
Oakbay2022 31 10 21
Oakbay2022 31 17 21
Oakbay2022 31 20 21
Oakbay2022 38 16 36
Oakbay2022 38 6 36
Oakbay2022 38 7 36
Oakbay2022 39 1 66
Oakbay2022 48 2 27
Oakbay2022 49 22 40
Oakbay2022 49 12 57
Oakbay2022 49 4 57
Oakbay2022 51 16 61
Oakbay2022 56 16 61
Oakbay2022 56 26 61
Oakbay2022 56 21 61
Oakbay2022 56 22 61
Oakbay2022 57 27 3
Oakbay2022 57 13 5
Oakbay2022 57 17 5
Oakbay2022 57 17 5
Oakbay2022 61 29 56
Oakbay2022 61 14 50
Oakbay2022 62 24 56
Oakbay2022 62 13 56
Oakbay2022 63 1 49
Oakbay2022 63 2 49
Oakbay2022 63 1 49
Oakbay2022 64 17 56
Oakbay2022 66 19 18
Oakbay2022 67 6 66
Oakbay2022 70 1 54
Oakbay2022 70 20 54
Oakbay2022 70 12 54
Oakbay2022 70 2 54
Oakbay2022 72 23 34
Oakbay2022 72 28 36
Oakbay2022 72 27 36
Oakbay2022 72 28 36
Oakbay2022 72 6 41
Oakbay2022 72 6 41
Oakbay2022 72 27 36
Oakbay2022 73 1 27
Oakbay2022 74 19 3
Oakbay2022 74 11 3
Oakbay2022 74 16 3
Oakbay2022 75 12 3
Oakbay2022 75 19 3
Oakbay2022 75 19 3
Oakbay2022 75 15 3
Oakbay2022 75 16 3
Oakbay2022 75 19 3
Oakbay2022 75 21 3
Oakbay2022 75 16 3
Oakbay2022 78 29 3
Oakbay2022 80 29 64
Oakbay2022 80 30 64
Oakbay2022 80 26 64
Oakbay2022 80 20 64
Oakbay2022 80 29 64
Oakbay2022 80 21 64
Oakbay2022 82 15 11
Oakbay2022 82 8 11
Oakbay2022 82 28 5
Oakbay2022 82 10 11
Oakbay2022 85 3 40
Oakbay2022 85 3 40
Oakbay2022 85 3 40
Oakbay2022 85 1 40
Oakbay2022 86 24 66
Oakbay2022 86 2 66
Oakbay2022 86 16 66
Oakbay2022 86 16 66
Oakbay2022 88 24 66
Oakbay2022 88 22 66
Oakbay2022 88 11 66
Oakbay2022 88 25 66
Oakbay2022 88 25 66
Oakbay2022 88 13 66
Oakbay2022 88 16 66
Oakbay2022 88 16 66
Oakbay2022 88 24 66
Oakbay2022 88 21 66
Oakbay2022 88 24 66
Oakbay2022 88 7 66
Oakbay2022 88 9 66
Oakbay2022 88 21 66
Oakbay2022 88 7 66
Oakbay2022 88 7 66
Oakbay2022 88 21 66
Oakbay2022 88 20 66
Oakbay2022 88 17 66
Oakbay2022 89 26 17
Oakbay2022 89 17 18
Oakbay2022 90 9 23
Oakbay2022 90 23 14
Oakbay2022 90 23 14
Oakbay2022 90 24 14
Oakbay2022 90 28 23
Oakbay2022 90 22 23
Oakbay2022 90 12 23
Oakbay2022 91 6 7
Oakbay2022 93 2 49
Oakbay2022 93 3 40
Oakbay2022 93 16 50
Oakbay2023 14 15 50
Oakbay2023 21 25 54
Oakbay2023 21 8 54
Oakbay2023 21 30 54
Oakbay2023 21 19 61
Oakbay2023 23 1 64
Oakbay2023 24 15 17
Oakbay2023 24 7 17
Oakbay2023 25 25 17
Oakbay2023 25 1 17
Oakbay2023 25 14 17
Oakbay2023 25 14 17
Oakbay2023 25 14 17
Oakbay2023 25 9 17
Oakbay2023 25 9 17
Oakbay2023 25 20 17
Oakbay2023 25 16 17
Oakbay2023 25 25 17
Oakbay2023 25 17 17
Oakbay2023 25 11 18
Oakbay2023 25 20 17
Oakbay2023 25 2 18
Oakbay2023 25 1 18
Oakbay2023 25 15 18
Oakbay2023 25 3 17
Oakbay2023 25 27 17
Oakbay2023 25 12 17
Oakbay2023 25 26 17
Oakbay2023 26 15 17
Oakbay2023 29 1 8
Oakbay2023 29 3 18
Oakbay2023 29 3 18
Oakbay2023 29 3 18
Oakbay2023 29 28 18
Oakbay2023 31 9 21
Oakbay2023 34 4 13
Oakbay2023 34 13 20
Oakbay2023 34 11 13
Oakbay2023 37 3 11
Oakbay2023 38 1 40
Oakbay2023 38 20 40
Oakbay2023 38 14 40
Oakbay2023 38 14 40
Oakbay2023 38 17 40
Oakbay2023 38 21 41
Oakbay2023 38 9 40
Oakbay2023 38 14 40
Oakbay2023 38 9 40
Oakbay2023 38 14 40
Oakbay2023 38 9 40
Oakbay2023 38 9 40
Oakbay2023 38 22 40
Oakbay2023 38 12 40
Oakbay2023 38 20 40
Oakbay2023 38 14 40
Oakbay2023 38 24 40
Oakbay2023 38 20 40
Oakbay2023 38 30 40
Oakbay2023 38 14 40
Oakbay2023 38 22 40
Oakbay2023 38 14 40
Oakbay2023 38 16 40
Oakbay2023 50 16 48
Oakbay2023 51 22 61
Oakbay2023 51 27 61
Oakbay2023 51 19 61
Oakbay2023 51 5 61
Oakbay2023 51 24 61
Oakbay2023 51 8 61
Oakbay2023 51 20 64
Oakbay2023 52 7 57
Oakbay2023 52 28 57
Oakbay2023 54 4 48
Oakbay2023 54 12 48
Oakbay2023 54 1 48
Oakbay2023 54 9 48
Oakbay2023 54 7 48
Oakbay2023 54 1 48
Oakbay2023 54 9 48
Oakbay2023 54 7 48
Oakbay2023 54 12 48
Oakbay2023 54 21 48
Oakbay2023 57 7 11
Oakbay2023 65 10 27
Oakbay2023 65 15 27
Oakbay2023 67 19 64
Oakbay2023 68 3 13
Oakbay2023 68 7 13
Oakbay2023 70 7 54
Oakbay2023 72 13 34
Oakbay2023 76 20 1
Oakbay2023 77 2 13
Oakbay2023 78 13 3
Oakbay2023 78 13 3
Oakbay2023 79 3 3
Oakbay2023 81 16 3
Oakbay2023 82 25 13
Oakbay2023 84 20 51
Oakbay2023 84 26 51
Oakbay2023 84 29 51
Oakbay2023 84 4 51
Oakbay2023 85 19 32
Oakbay2023 85 19 32
Oakbay2023 85 20 40
Oakbay2023 85 17 40
Oakbay2023 85 17 40
Oakbay2023 85 24 40
Oakbay2023 85 20 40
Oakbay2023 85 20 40
Oakbay2023 85 14 40
Oakbay2023 85 14 40
Oakbay2023 85 16 40
Oakbay2023 85 9 40
Oakbay2023 85 24 40
Oakbay2023 85 24 40
Oakbay2023 85 1 40
Oakbay2023 89 28 18
Oakbay2023 93 16 40
Oakbay2023 93 13 40
Oakbay2023 93 17 40
Oakbay2023 93 18 40
Oakbay2023 93 29 40
Oakbay2023 93 19 40
Oakbay2023 93 29 40
Oakbay2023 93 28 40
Oakbay2023 93 29 40
Oakbay2023 93 19 40
Oakbay2023 93 4 40
