session id occassion trap.id
Oakbay2023 37 15 50
Oakbay2023 46 25 54
Oakbay2023 46 8 54
Oakbay2023 46 30 54
Oakbay2023 46 19 61
Oakbay2023 50 1 64
Oakbay2023 51 15 17
Oakbay2023 51 7 17
Oakbay2023 52 25 17
Oakbay2023 52 1 17
Oakbay2023 52 14 17
Oakbay2023 52 14 17
Oakbay2023 52 14 17
Oakbay2023 52 9 17
Oakbay2023 52 9 17
Oakbay2023 52 20 17
Oakbay2023 52 16 17
Oakbay2023 52 25 17
Oakbay2023 52 17 17
Oakbay2023 52 11 18
Oakbay2023 52 20 17
Oakbay2023 52 2 18
Oakbay2023 52 1 18
Oakbay2023 52 15 18
Oakbay2023 52 3 17
Oakbay2023 52 27 17
Oakbay2023 52 12 17
Oakbay2023 52 26 17
Oakbay2023 54 15 17
Oakbay2023 59 1 8
Oakbay2023 59 3 18
Oakbay2023 59 3 18
Oakbay2023 59 3 18
Oakbay2023 59 28 18
Oakbay2023 61 9 21
Oakbay2023 65 4 13
Oakbay2023 65 13 20
Oakbay2023 65 11 13
Oakbay2023 68 3 11
Oakbay2023 72 1 40
Oakbay2023 72 20 40
Oakbay2023 72 14 40
Oakbay2023 72 14 40
Oakbay2023 72 17 40
Oakbay2023 72 21 41
Oakbay2023 72 9 40
Oakbay2023 72 14 40
Oakbay2023 72 9 40
Oakbay2023 72 14 40
Oakbay2023 72 9 40
Oakbay2023 72 9 40
Oakbay2023 72 22 40
Oakbay2023 72 12 40
Oakbay2023 72 20 40
Oakbay2023 72 14 40
Oakbay2023 72 24 40
Oakbay2023 72 20 40
Oakbay2023 72 30 40
Oakbay2023 72 14 40
Oakbay2023 72 22 40
Oakbay2023 72 14 40
Oakbay2023 72 16 40
Oakbay2023 92 16 48
Oakbay2023 94 22 61
Oakbay2023 94 27 61
Oakbay2023 94 19 61
Oakbay2023 94 5 61
Oakbay2023 94 24 61
Oakbay2023 94 8 61
Oakbay2023 94 20 64
Oakbay2023 95 7 57
Oakbay2023 95 28 57
Oakbay2023 98 4 48
Oakbay2023 98 12 48
Oakbay2023 98 1 48
Oakbay2023 98 9 48
Oakbay2023 98 7 48
Oakbay2023 98 1 48
Oakbay2023 98 9 48
Oakbay2023 98 7 48
Oakbay2023 98 12 48
Oakbay2023 98 21 48
Oakbay2023 100 7 11
Oakbay2023 114 10 27
Oakbay2023 114 15 27
Oakbay2023 116 19 64
Oakbay2023 117 3 13
Oakbay2023 117 7 13
Oakbay2023 119 7 54
Oakbay2023 125 13 34
Oakbay2023 129 20 1
Oakbay2023 131 2 13
Oakbay2023 132 13 3
Oakbay2023 132 13 3
Oakbay2023 133 3 3
Oakbay2023 137 16 3
Oakbay2023 143 25 13
Oakbay2023 146 20 51
Oakbay2023 146 26 51
Oakbay2023 146 29 51
Oakbay2023 146 4 51
Oakbay2023 147 19 32
Oakbay2023 147 19 32
Oakbay2023 147 20 40
Oakbay2023 147 17 40
Oakbay2023 147 17 40
Oakbay2023 147 24 40
Oakbay2023 147 20 40
Oakbay2023 147 20 40
Oakbay2023 147 14 40
Oakbay2023 147 14 40
Oakbay2023 147 16 40
Oakbay2023 147 9 40
Oakbay2023 147 24 40
Oakbay2023 147 24 40
Oakbay2023 147 1 40
Oakbay2023 156 28 18
Oakbay2023 166 16 40
Oakbay2023 166 13 40
Oakbay2023 166 17 40
Oakbay2023 166 18 40
Oakbay2023 166 29 40
Oakbay2023 166 19 40
Oakbay2023 166 29 40
Oakbay2023 166 28 40
Oakbay2023 166 29 40
Oakbay2023 166 19 40
Oakbay2023 166 4 40
Oakbay2023 2 0 1
Oakbay2023 3 0 1
Oakbay2023 4 0 1
Oakbay2023 6 0 1
Oakbay2023 8 0 1
Oakbay2023 10 0 1
Oakbay2023 16 0 1
Oakbay2023 17 0 1
Oakbay2023 19 0 1
Oakbay2023 20 0 1
Oakbay2023 22 0 1
Oakbay2023 23 0 1
Oakbay2023 24 0 1
Oakbay2023 26 0 1
Oakbay2023 27 0 1
Oakbay2023 28 0 1
Oakbay2023 29 0 1
Oakbay2023 30 0 1
Oakbay2023 31 0 1
Oakbay2023 32 0 1
Oakbay2023 33 0 1
Oakbay2023 34 0 1
Oakbay2023 35 0 1
Oakbay2023 39 0 1
Oakbay2023 40 0 1
Oakbay2023 44 0 1
Oakbay2023 45 0 1
Oakbay2023 47 0 1
Oakbay2023 49 0 1
Oakbay2023 55 0 1
Oakbay2023 57 0 1
Oakbay2023 58 0 1
Oakbay2023 60 0 1
Oakbay2023 63 0 1
Oakbay2023 64 0 1
Oakbay2023 66 0 1
Oakbay2023 67 0 1
Oakbay2023 70 0 1
Oakbay2023 73 0 1
Oakbay2023 74 0 1
Oakbay2023 77 0 1
Oakbay2023 78 0 1
Oakbay2023 79 0 1
Oakbay2023 80 0 1
Oakbay2023 82 0 1
Oakbay2023 83 0 1
Oakbay2023 85 0 1
Oakbay2023 86 0 1
Oakbay2023 87 0 1
Oakbay2023 89 0 1
Oakbay2023 90 0 1
Oakbay2023 91 0 1
Oakbay2023 93 0 1
Oakbay2023 97 0 1
Oakbay2023 101 0 1
Oakbay2023 102 0 1
Oakbay2023 103 0 1
Oakbay2023 106 0 1
Oakbay2023 108 0 1
Oakbay2023 111 0 1
Oakbay2023 112 0 1
Oakbay2023 113 0 1
Oakbay2023 115 0 1
Oakbay2023 121 0 1
Oakbay2023 124 0 1
Oakbay2023 127 0 1
Oakbay2023 128 0 1
Oakbay2023 135 0 1
Oakbay2023 136 0 1
Oakbay2023 138 0 1
Oakbay2023 139 0 1
Oakbay2023 140 0 1
Oakbay2023 141 0 1
Oakbay2023 142 0 1
Oakbay2023 145 0 1
Oakbay2023 148 0 1
Oakbay2023 149 0 1
Oakbay2023 150 0 1
Oakbay2023 151 0 1
Oakbay2023 153 0 1
Oakbay2023 158 0 1
Oakbay2023 159 0 1
Oakbay2023 160 0 1
Oakbay2023 161 0 1
Oakbay2023 162 0 1
Oakbay2023 163 0 1
Oakbay2023 164 0 1
