session id occassion trap.id
Oakbay2019 35 22 50
Oakbay2019 35 23 50
Oakbay2019 35 22 50
Oakbay2019 39 11 57
Oakbay2019 39 29 57
Oakbay2019 39 27 57
Oakbay2019 39 23 57
Oakbay2019 39 19 57
Oakbay2019 39 8 57
Oakbay2019 39 4 57
Oakbay2019 39 12 57
Oakbay2019 39 29 57
Oakbay2019 39 22 57
Oakbay2019 39 24 57
Oakbay2019 39 11 57
Oakbay2019 39 27 57
Oakbay2019 39 27 57
Oakbay2019 39 14 57
Oakbay2019 44 19 54
Oakbay2019 44 20 54
Oakbay2019 44 30 54
Oakbay2019 44 25 54
Oakbay2019 44 15 54
Oakbay2019 44 20 54
Oakbay2019 45 17 54
Oakbay2019 46 1 10
Oakbay2019 52 9 18
Oakbay2019 52 15 22
Oakbay2019 54 2 19
Oakbay2019 56 26 44
Oakbay2019 56 26 44
Oakbay2019 56 11 57
Oakbay2019 56 11 51
Oakbay2019 57 3 15
Oakbay2019 57 3 15
Oakbay2019 57 2 15
Oakbay2019 57 3 28
Oakbay2019 57 4 28
Oakbay2019 57 28 28
Oakbay2019 57 2 15
Oakbay2019 59 17 14
Oakbay2019 59 25 18
Oakbay2019 59 20 22
Oakbay2019 59 29 22
Oakbay2019 59 11 22
Oakbay2019 59 23 18
Oakbay2019 59 11 22
Oakbay2019 59 20 22
Oakbay2019 59 26 18
Oakbay2019 59 10 22
Oakbay2019 59 5 22
Oakbay2019 59 19 22
Oakbay2019 59 11 22
Oakbay2019 60 20 19
Oakbay2019 60 12 19
Oakbay2019 60 22 19
Oakbay2019 60 22 19
Oakbay2019 62 24 18
Oakbay2019 66 18 4
Oakbay2019 66 21 4
Oakbay2019 72 6 31
Oakbay2019 72 13 31
Oakbay2019 72 2 35
Oakbay2019 72 29 35
Oakbay2019 72 21 39
Oakbay2019 74 1 10
Oakbay2019 74 1 10
Oakbay2019 74 11 10
Oakbay2019 74 9 10
Oakbay2019 74 5 10
Oakbay2019 74 2 10
Oakbay2019 74 7 10
Oakbay2019 74 11 10
Oakbay2019 74 11 10
Oakbay2019 74 15 10
Oakbay2019 76 3 10
Oakbay2019 76 9 10
Oakbay2019 76 9 10
Oakbay2019 76 18 10
Oakbay2019 76 13 10
Oakbay2019 76 1 10
Oakbay2019 76 1 10
Oakbay2019 76 4 10
Oakbay2019 76 5 10
Oakbay2019 76 9 10
Oakbay2019 76 10 10
Oakbay2019 86 28 8
Oakbay2019 88 23 26
Oakbay2019 91 29 50
Oakbay2019 91 14 50
Oakbay2019 91 4 50
Oakbay2019 91 7 50
Oakbay2019 91 7 50
Oakbay2019 92 18 7
Oakbay2019 1 0 2
Oakbay2019 2 0 2
Oakbay2019 3 0 2
Oakbay2019 4 0 2
Oakbay2019 6 0 2
Oakbay2019 7 0 2
Oakbay2019 8 0 2
Oakbay2019 10 0 2
Oakbay2019 11 0 2
Oakbay2019 15 0 2
Oakbay2019 16 0 2
Oakbay2019 17 0 2
Oakbay2019 19 0 2
Oakbay2019 20 0 2
Oakbay2019 22 0 2
Oakbay2019 23 0 2
Oakbay2019 24 0 2
Oakbay2019 25 0 2
Oakbay2019 26 0 2
Oakbay2019 27 0 2
Oakbay2019 28 0 2
Oakbay2019 29 0 2
Oakbay2019 30 0 2
Oakbay2019 31 0 2
Oakbay2019 32 0 2
Oakbay2019 33 0 2
Oakbay2019 34 0 2
Oakbay2019 36 0 2
Oakbay2019 37 0 2
Oakbay2019 38 0 2
Oakbay2019 40 0 2
Oakbay2019 41 0 2
Oakbay2019 42 0 2
Oakbay2019 43 0 2
Oakbay2019 47 0 2
Oakbay2019 48 0 2
Oakbay2019 49 0 2
Oakbay2019 50 0 2
Oakbay2019 51 0 2
Oakbay2019 53 0 2
Oakbay2019 55 0 2
Oakbay2019 58 0 2
Oakbay2019 61 0 2
Oakbay2019 63 0 2
Oakbay2019 64 0 2
Oakbay2019 65 0 2
Oakbay2019 67 0 2
Oakbay2019 68 0 2
Oakbay2019 69 0 2
Oakbay2019 70 0 2
Oakbay2019 71 0 2
Oakbay2019 73 0 2
Oakbay2019 75 0 2
Oakbay2019 77 0 2
Oakbay2019 78 0 2
Oakbay2019 79 0 2
Oakbay2019 80 0 2
Oakbay2019 82 0 2
Oakbay2019 83 0 2
Oakbay2019 84 0 2
Oakbay2019 85 0 2
Oakbay2019 87 0 2
Oakbay2019 89 0 2
Oakbay2019 90 0 2
