session id occassion trap.id
Oakbay2019 35 22 50
Oakbay2019 35 23 50
Oakbay2019 35 22 50
Oakbay2019 39 11 57
Oakbay2019 39 29 57
Oakbay2019 39 27 57
Oakbay2019 39 23 57
Oakbay2019 39 19 57
Oakbay2019 39 8 57
Oakbay2019 39 4 57
Oakbay2019 39 12 57
Oakbay2019 39 29 57
Oakbay2019 39 22 57
Oakbay2019 39 24 57
Oakbay2019 39 11 57
Oakbay2019 39 27 57
Oakbay2019 39 27 57
Oakbay2019 39 14 57
Oakbay2019 44 19 54
Oakbay2019 44 20 54
Oakbay2019 44 30 54
Oakbay2019 44 25 54
Oakbay2019 44 15 54
Oakbay2019 44 20 54
Oakbay2019 45 17 54
Oakbay2019 46 1 10
Oakbay2019 52 9 18
Oakbay2019 52 15 22
Oakbay2019 54 2 19
Oakbay2019 56 26 44
Oakbay2019 56 26 44
Oakbay2019 56 11 57
Oakbay2019 56 11 51
Oakbay2019 57 3 15
Oakbay2019 57 3 15
Oakbay2019 57 2 15
Oakbay2019 57 3 28
Oakbay2019 57 4 28
Oakbay2019 57 28 28
Oakbay2019 57 2 15
Oakbay2019 59 17 14
Oakbay2019 59 25 18
Oakbay2019 59 20 22
Oakbay2019 59 29 22
Oakbay2019 59 11 22
Oakbay2019 59 23 18
Oakbay2019 59 11 22
Oakbay2019 59 20 22
Oakbay2019 59 26 18
Oakbay2019 59 10 22
Oakbay2019 59 5 22
Oakbay2019 59 19 22
Oakbay2019 59 11 22
Oakbay2019 60 20 19
Oakbay2019 60 12 19
Oakbay2019 60 22 19
Oakbay2019 60 22 19
Oakbay2019 62 24 18
Oakbay2019 66 18 4
Oakbay2019 66 21 4
Oakbay2019 72 6 31
Oakbay2019 72 13 31
Oakbay2019 72 2 35
Oakbay2019 72 29 35
Oakbay2019 72 21 39
Oakbay2019 74 1 10
Oakbay2019 74 1 10
Oakbay2019 74 11 10
Oakbay2019 74 9 10
Oakbay2019 74 5 10
Oakbay2019 74 2 10
Oakbay2019 74 7 10
Oakbay2019 74 11 10
Oakbay2019 74 11 10
Oakbay2019 74 15 10
Oakbay2019 76 3 10
Oakbay2019 76 9 10
Oakbay2019 76 9 10
Oakbay2019 76 18 10
Oakbay2019 76 13 10
Oakbay2019 76 1 10
Oakbay2019 76 1 10
Oakbay2019 76 4 10
Oakbay2019 76 5 10
Oakbay2019 76 9 10
Oakbay2019 76 10 10
Oakbay2019 86 28 8
Oakbay2019 88 23 26
Oakbay2019 91 29 50
Oakbay2019 91 14 50
Oakbay2019 91 4 50
Oakbay2019 91 7 50
Oakbay2019 91 7 50
Oakbay2019 92 18 7
