session id occassion trap.id
Oakbay2018 1 27 43
Oakbay2018 1 16 43
Oakbay2018 1 16 43
Oakbay2018 2 7 43
Oakbay2018 2 24 43
Oakbay2018 2 18 43
Oakbay2018 9 1 10
Oakbay2018 9 21 10
Oakbay2018 9 8 10
Oakbay2018 9 22 10
Oakbay2018 9 16 10
Oakbay2018 9 4 10
Oakbay2018 9 7 10
Oakbay2018 9 5 10
Oakbay2018 9 5 10
Oakbay2018 9 6 10
Oakbay2018 9 10 10
Oakbay2018 9 18 10
Oakbay2018 9 13 10
Oakbay2018 9 14 10
Oakbay2018 9 11 10
Oakbay2018 9 15 10
Oakbay2018 9 22 10
Oakbay2018 9 19 10
Oakbay2018 9 19 10
Oakbay2018 9 11 10
Oakbay2018 9 27 10
Oakbay2018 9 9 12
Oakbay2018 15 9 27
Oakbay2018 17 26 49
Oakbay2018 19 8 66
Oakbay2018 22 4 28
Oakbay2018 24 10 57
Oakbay2018 24 4 57
Oakbay2018 24 5 57
Oakbay2018 24 7 57
Oakbay2018 24 17 57
Oakbay2018 24 1 57
Oakbay2018 24 10 57
Oakbay2018 24 28 57
Oakbay2018 24 12 57
Oakbay2018 24 23 57
Oakbay2018 24 15 57
Oakbay2018 24 18 57
Oakbay2018 24 3 57
Oakbay2018 24 7 57
Oakbay2018 25 16 50
Oakbay2018 25 16 50
Oakbay2018 25 24 50
Oakbay2018 26 11 51
Oakbay2019 35 22 50
Oakbay2019 35 23 50
Oakbay2019 35 22 50
Oakbay2019 39 11 57
Oakbay2019 39 29 57
Oakbay2019 39 27 57
Oakbay2019 39 23 57
Oakbay2019 39 19 57
Oakbay2019 39 8 57
Oakbay2019 39 4 57
Oakbay2019 39 12 57
Oakbay2019 39 29 57
Oakbay2019 39 22 57
Oakbay2019 39 24 57
Oakbay2019 39 11 57
Oakbay2019 39 27 57
Oakbay2019 39 27 57
Oakbay2019 39 14 57
Oakbay2019 44 19 54
Oakbay2019 44 20 54
Oakbay2019 44 30 54
Oakbay2019 44 25 54
Oakbay2019 44 15 54
Oakbay2019 44 20 54
Oakbay2019 45 17 54
Oakbay2019 46 1 10
Oakbay2019 52 9 18
Oakbay2019 52 15 22
Oakbay2019 54 2 19
Oakbay2019 56 26 44
Oakbay2019 56 26 44
Oakbay2019 56 11 57
Oakbay2019 56 11 51
Oakbay2019 57 3 15
Oakbay2019 57 3 15
Oakbay2019 57 2 15
Oakbay2019 57 3 28
Oakbay2019 57 4 28
Oakbay2019 57 28 28
Oakbay2019 57 2 15
Oakbay2019 59 17 14
Oakbay2019 59 25 18
Oakbay2019 59 20 22
Oakbay2019 59 29 22
Oakbay2019 59 11 22
Oakbay2019 59 23 18
Oakbay2019 59 11 22
Oakbay2019 59 20 22
Oakbay2019 59 26 18
Oakbay2019 59 10 22
Oakbay2019 59 5 22
Oakbay2019 59 19 22
Oakbay2019 59 11 22
Oakbay2019 60 20 19
Oakbay2019 60 12 19
Oakbay2019 60 22 19
Oakbay2019 60 22 19
Oakbay2019 62 24 18
Oakbay2019 66 18 4
Oakbay2019 66 21 4
Oakbay2019 72 6 31
Oakbay2019 72 13 31
Oakbay2019 72 2 35
Oakbay2019 72 29 35
Oakbay2019 72 21 39
Oakbay2019 74 1 10
Oakbay2019 74 1 10
Oakbay2019 74 11 10
Oakbay2019 74 9 10
Oakbay2019 74 5 10
Oakbay2019 74 2 10
Oakbay2019 74 7 10
Oakbay2019 74 11 10
Oakbay2019 74 11 10
Oakbay2019 74 15 10
Oakbay2019 76 3 10
Oakbay2019 76 9 10
Oakbay2019 76 9 10
Oakbay2019 76 18 10
Oakbay2019 76 13 10
Oakbay2019 76 1 10
Oakbay2019 76 1 10
Oakbay2019 76 4 10
Oakbay2019 76 5 10
Oakbay2019 76 9 10
Oakbay2019 76 10 10
Oakbay2019 86 28 8
Oakbay2019 88 23 26
Oakbay2019 91 29 50
Oakbay2019 91 14 50
Oakbay2019 91 4 50
Oakbay2019 91 7 50
Oakbay2019 91 7 50
Oakbay2019 92 18 7
Oakbay2020 15 21 27
Oakbay2020 15 12 13
Oakbay2020 15 9 27
Oakbay2020 33 9 50
Oakbay2020 39 23 57
Oakbay2020 39 29 57
Oakbay2020 39 23 57
Oakbay2020 39 22 57
Oakbay2020 39 24 57
Oakbay2020 39 30 57
Oakbay2020 39 23 57
Oakbay2020 39 28 57
Oakbay2020 42 11 54
Oakbay2020 42 26 52
Oakbay2020 42 16 54
Oakbay2020 46 15 54
Oakbay2020 46 23 54
Oakbay2020 46 18 54
Oakbay2020 46 23 54
Oakbay2020 46 27 62
Oakbay2020 47 3 55
Oakbay2020 47 7 55
Oakbay2020 47 9 55
Oakbay2020 47 5 55
Oakbay2020 57 1 15
Oakbay2020 57 4 28
Oakbay2020 57 1 15
Oakbay2020 57 26 28
Oakbay2020 59 21 18
Oakbay2020 59 10 22
Oakbay2020 59 16 18
Oakbay2020 59 22 22
Oakbay2020 59 11 18
Oakbay2020 59 22 22
Oakbay2020 59 16 18
Oakbay2020 59 18 18
Oakbay2020 59 16 18
Oakbay2020 59 6 22
Oakbay2020 59 7 22
Oakbay2020 59 8 22
Oakbay2020 59 18 22
Oakbay2020 59 22 22
Oakbay2020 59 21 22
Oakbay2020 59 7 22
Oakbay2020 59 22 22
Oakbay2020 63 13 31
Oakbay2020 67 30 13
Oakbay2020 68 26 10
Oakbay2020 68 25 10
Oakbay2020 68 25 10
Oakbay2020 74 10 10
Oakbay2020 74 10 10
Oakbay2020 74 19 10
Oakbay2020 74 21 10
Oakbay2020 74 23 10
Oakbay2020 74 19 10
Oakbay2020 74 19 10
Oakbay2020 74 30 10
Oakbay2020 74 7 10
Oakbay2020 74 7 10
Oakbay2020 74 20 10
Oakbay2020 74 24 10
Oakbay2020 76 8 10
Oakbay2020 76 25 10
Oakbay2020 76 12 10
Oakbay2020 76 26 10
Oakbay2020 76 10 10
Oakbay2020 76 20 10
Oakbay2020 76 10 10
Oakbay2020 76 23 10
Oakbay2020 76 24 10
Oakbay2020 76 26 10
Oakbay2020 76 24 10
Oakbay2020 76 30 10
Oakbay2020 76 13 10
Oakbay2020 76 13 10
Oakbay2020 76 20 10
Oakbay2020 76 28 10
Oakbay2020 76 27 10
Oakbay2020 92 25 13
Oakbay2020 92 14 13
Oakbay2020 92 12 13
Oakbay2020 92 14 13
Oakbay2020 92 14 13
Oakbay2020 92 24 67
Oakbay2020 95 23 50
Oakbay2020 95 11 50
Oakbay2020 97 24 28
Oakbay2020 97 3 15
Oakbay2020 97 30 28
Oakbay2020 97 5 15
Oakbay2020 100 27 8
Oakbay2020 100 10 8
Oakbay2020 100 8 8
Oakbay2020 100 30 8
Oakbay2020 100 18 8
Oakbay2021 15 8 27
Oakbay2021 15 3 27
Oakbay2021 15 8 27
Oakbay2021 15 11 27
Oakbay2021 15 7 27
Oakbay2021 15 7 27
Oakbay2021 15 5 27
Oakbay2021 15 5 27
Oakbay2021 15 9 27
Oakbay2021 15 7 27
Oakbay2021 24 18 57
Oakbay2021 24 14 57
Oakbay2021 24 15 57
Oakbay2021 24 20 57
Oakbay2021 35 28 50
Oakbay2021 35 28 50
Oakbay2021 35 15 50
Oakbay2021 35 2 50
Oakbay2021 35 30 50
Oakbay2021 35 10 50
Oakbay2021 35 15 50
Oakbay2021 39 14 57
Oakbay2021 39 14 57
Oakbay2021 39 20 57
Oakbay2021 39 23 57
Oakbay2021 39 22 57
Oakbay2021 39 18 57
Oakbay2021 40 5 63
Oakbay2021 40 16 54
Oakbay2021 40 11 56
Oakbay2021 44 17 54
Oakbay2021 44 4 54
Oakbay2021 44 13 63
Oakbay2021 45 27 54
Oakbay2021 46 3 63
Oakbay2021 47 6 56
Oakbay2021 47 3 56
Oakbay2021 47 16 63
Oakbay2021 52 2 18
Oakbay2021 56 14 13
Oakbay2021 56 3 13
Oakbay2021 57 2 16
Oakbay2021 59 10 18
Oakbay2021 65 27 13
Oakbay2021 65 28 13
Oakbay2021 72 17 36
Oakbay2021 72 27 36
Oakbay2021 72 11 36
Oakbay2021 72 30 36
Oakbay2021 72 7 36
Oakbay2021 72 27 36
Oakbay2021 72 3 40
Oakbay2021 72 2 40
Oakbay2021 72 2 40
Oakbay2021 73 3 56
Oakbay2021 74 3 10
Oakbay2021 74 3 10
Oakbay2021 74 3 10
Oakbay2021 74 16 10
Oakbay2021 74 7 10
Oakbay2021 74 12 10
Oakbay2021 74 12 10
Oakbay2021 74 13 10
Oakbay2021 74 1 10
Oakbay2021 74 14 10
Oakbay2021 74 2 10
Oakbay2021 74 11 10
Oakbay2021 74 11 10
Oakbay2021 76 15 10
Oakbay2021 76 18 13
Oakbay2021 76 6 10
Oakbay2021 76 4 10
Oakbay2021 76 15 10
Oakbay2021 76 15 10
Oakbay2021 76 1 10
Oakbay2021 76 15 10
Oakbay2021 76 28 13
Oakbay2021 78 21 54
Oakbay2021 82 1 10
Oakbay2021 82 1 10
Oakbay2021 83 14 6
Oakbay2021 83 19 6
Oakbay2021 83 8 6
Oakbay2021 83 5 6
Oakbay2021 83 7 6
Oakbay2021 83 13 6
Oakbay2021 83 15 6
Oakbay2021 83 28 6
Oakbay2021 83 30 6
Oakbay2021 83 15 6
Oakbay2021 83 28 6
Oakbay2021 83 8 6
Oakbay2021 85 17 54
Oakbay2021 87 1 10
Oakbay2021 94 4 54
Oakbay2021 94 29 54
Oakbay2021 94 11 54
Oakbay2021 94 30 54
Oakbay2021 94 1 54
Oakbay2021 94 21 54
Oakbay2021 95 16 49
Oakbay2021 95 17 50
Oakbay2021 95 10 49
Oakbay2021 95 30 50
Oakbay2021 95 30 50
Oakbay2021 95 3 50
Oakbay2021 95 20 50
Oakbay2021 95 5 50
Oakbay2021 95 8 50
Oakbay2021 95 25 50
Oakbay2021 95 4 50
Oakbay2021 95 18 50
Oakbay2021 95 1 50
Oakbay2021 95 24 50
Oakbay2021 95 23 50
Oakbay2021 95 7 50
Oakbay2021 95 2 50
Oakbay2021 95 28 50
Oakbay2021 95 8 50
Oakbay2021 95 11 50
Oakbay2021 95 26 50
Oakbay2021 95 30 50
Oakbay2021 98 12 48
Oakbay2021 98 12 48
Oakbay2021 98 12 48
Oakbay2021 98 16 48
Oakbay2021 99 21 50
Oakbay2021 99 7 56
Oakbay2021 99 10 50
Oakbay2021 99 9 50
Oakbay2021 99 29 56
Oakbay2021 99 5 56
Oakbay2021 100 3 5
Oakbay2021 100 9 5
Oakbay2021 100 2 5
Oakbay2021 103 1 3
Oakbay2021 103 6 1
Oakbay2021 103 11 3
Oakbay2021 103 17 3
Oakbay2021 103 1 3
Oakbay2021 103 1 3
Oakbay2021 103 11 3
Oakbay2021 105 8 56
Oakbay2021 105 23 56
Oakbay2021 105 29 56
Oakbay2021 111 5 63
Oakbay2021 118 9 13
Oakbay2021 118 3 13
Oakbay2021 118 15 13
Oakbay2021 118 3 13
Oakbay2021 118 9 13
Oakbay2021 119 18 54
Oakbay2021 119 18 54
Oakbay2021 119 3 54
Oakbay2021 120 29 56
Oakbay2021 125 3 34
Oakbay2021 125 1 34
Oakbay2021 128 29 1
Oakbay2021 128 13 3
Oakbay2021 128 27 3
Oakbay2021 128 25 1
Oakbay2021 128 22 3
Oakbay2021 128 13 3
Oakbay2021 129 17 1
Oakbay2021 129 27 3
Oakbay2021 131 19 13
Oakbay2021 133 11 3
Oakbay2021 133 11 3
Oakbay2021 143 13 5
Oakbay2021 143 28 5
Oakbay2021 143 10 10
Oakbay2021 144 22 49
Oakbay2021 144 14 49
Oakbay2021 144 4 49
Oakbay2021 144 24 49
Oakbay2021 144 9 49
Oakbay2021 144 9 49
Oakbay2021 144 24 50
Oakbay2021 144 4 49
Oakbay2021 147 17 36
Oakbay2021 147 17 36
Oakbay2021 147 18 36
Oakbay2021 151 7 63
Oakbay2021 151 3 63
Oakbay2021 157 3 14
Oakbay2021 157 14 14
Oakbay2021 157 22 14
Oakbay2021 157 10 18
Oakbay2021 157 9 18
Oakbay2021 158 17 1
Oakbay2021 158 2 1
Oakbay2021 165 26 6
Oakbay2021 165 24 6
Oakbay2021 165 25 6
Oakbay2021 165 25 6
Oakbay2021 165 5 6
Oakbay2021 165 10 6
Oakbay2021 165 19 6
Oakbay2021 165 12 6
Oakbay2021 165 28 6
Oakbay2021 165 13 6
Oakbay2021 165 1 10
Oakbay2021 165 15 6
Oakbay2021 165 14 6
Oakbay2021 165 6 6
Oakbay2021 165 10 6
Oakbay2021 165 12 6
Oakbay2021 165 12 6
Oakbay2021 165 30 6
Oakbay2021 166 14 49
Oakbay2021 166 6 50
Oakbay2021 166 9 49
Oakbay2021 166 4 49
Oakbay2021 166 13 49
Oakbay2021 166 1 50
Oakbay2021 166 4 49
Oakbay2021 166 24 49
Oakbay2021 166 9 49
Oakbay2022 24 16 57
Oakbay2022 24 16 40
Oakbay2022 24 7 57
Oakbay2022 29 29 48
Oakbay2022 29 16 3
Oakbay2022 29 23 3
Oakbay2022 29 4 48
Oakbay2022 29 26 48
Oakbay2022 29 10 48
Oakbay2022 35 29 41
Oakbay2022 35 1 49
Oakbay2022 35 1 49
Oakbay2022 35 2 49
Oakbay2022 35 8 56
Oakbay2022 35 2 49
Oakbay2022 35 2 49
Oakbay2022 35 29 56
Oakbay2022 35 17 50
Oakbay2022 35 6 50
Oakbay2022 37 26 56
Oakbay2022 40 27 56
Oakbay2022 40 27 56
Oakbay2022 40 7 56
Oakbay2022 40 17 56
Oakbay2022 40 16 56
Oakbay2022 40 4 56
Oakbay2022 43 6 64
Oakbay2022 43 9 64
Oakbay2022 44 17 54
Oakbay2022 44 16 61
Oakbay2022 44 9 61
Oakbay2022 44 12 54
Oakbay2022 46 4 54
Oakbay2022 47 18 56
Oakbay2022 47 26 56
Oakbay2022 47 22 66
Oakbay2022 47 10 56
Oakbay2022 50 8 66
Oakbay2022 50 8 66
Oakbay2022 51 19 17
Oakbay2022 51 20 17
Oakbay2022 51 9 17
Oakbay2022 51 9 17
Oakbay2022 51 23 17
Oakbay2022 51 13 17
Oakbay2022 51 7 17
Oakbay2022 51 13 17
Oakbay2022 51 21 17
Oakbay2022 51 19 17
Oakbay2022 51 13 17
Oakbay2022 52 17 17
Oakbay2022 52 20 17
Oakbay2022 52 15 17
Oakbay2022 52 25 17
Oakbay2022 52 27 17
Oakbay2022 52 13 18
Oakbay2022 52 5 17
Oakbay2022 52 4 17
Oakbay2022 52 17 17
Oakbay2022 52 19 17
Oakbay2022 52 27 18
Oakbay2022 52 15 17
Oakbay2022 52 22 17
Oakbay2022 52 29 17
Oakbay2022 52 8 17
Oakbay2022 52 10 17
Oakbay2022 54 20 17
Oakbay2022 54 2 17
Oakbay2022 54 2 17
Oakbay2022 54 2 17
Oakbay2022 59 10 18
Oakbay2022 59 15 18
Oakbay2022 61 1 14
Oakbay2022 61 9 14
Oakbay2022 61 13 21
Oakbay2022 61 6 21
Oakbay2022 61 24 21
Oakbay2022 61 18 21
Oakbay2022 61 10 21
Oakbay2022 61 17 21
Oakbay2022 61 20 21
Oakbay2022 72 16 36
Oakbay2022 72 6 36
Oakbay2022 72 7 36
Oakbay2022 73 1 66
Oakbay2022 88 2 27
Oakbay2022 91 22 40
Oakbay2022 91 12 57
Oakbay2022 91 4 57
Oakbay2022 94 16 61
Oakbay2022 99 16 61
Oakbay2022 99 26 61
Oakbay2022 99 21 61
Oakbay2022 99 22 61
Oakbay2022 100 27 3
Oakbay2022 100 13 5
Oakbay2022 100 17 5
Oakbay2022 100 17 5
Oakbay2022 106 29 56
Oakbay2022 106 14 50
Oakbay2022 109 24 56
Oakbay2022 109 13 56
Oakbay2022 111 1 49
Oakbay2022 111 2 49
Oakbay2022 111 1 49
Oakbay2022 113 17 56
Oakbay2022 115 19 18
Oakbay2022 116 6 66
Oakbay2022 119 1 54
Oakbay2022 119 20 54
Oakbay2022 119 12 54
Oakbay2022 119 2 54
Oakbay2022 125 23 34
Oakbay2022 125 28 36
Oakbay2022 125 27 36
Oakbay2022 125 28 36
Oakbay2022 125 6 41
Oakbay2022 125 6 41
Oakbay2022 125 27 36
Oakbay2022 126 1 27
Oakbay2022 127 19 3
Oakbay2022 127 11 3
Oakbay2022 127 16 3
Oakbay2022 128 12 3
Oakbay2022 128 19 3
Oakbay2022 128 19 3
Oakbay2022 128 15 3
Oakbay2022 128 16 3
Oakbay2022 128 19 3
Oakbay2022 128 21 3
Oakbay2022 128 16 3
Oakbay2022 132 29 3
Oakbay2022 134 29 64
Oakbay2022 134 30 64
Oakbay2022 134 26 64
Oakbay2022 134 20 64
Oakbay2022 134 29 64
Oakbay2022 134 21 64
Oakbay2022 143 15 11
Oakbay2022 143 8 11
Oakbay2022 143 28 5
Oakbay2022 143 10 11
Oakbay2022 147 3 40
Oakbay2022 147 3 40
Oakbay2022 147 3 40
Oakbay2022 147 1 40
Oakbay2022 150 24 66
Oakbay2022 150 2 66
Oakbay2022 150 16 66
Oakbay2022 150 16 66
Oakbay2022 155 24 66
Oakbay2022 155 22 66
Oakbay2022 155 11 66
Oakbay2022 155 25 66
Oakbay2022 155 25 66
Oakbay2022 155 13 66
Oakbay2022 155 16 66
Oakbay2022 155 16 66
Oakbay2022 155 24 66
Oakbay2022 155 21 66
Oakbay2022 155 24 66
Oakbay2022 155 7 66
Oakbay2022 155 9 66
Oakbay2022 155 21 66
Oakbay2022 155 7 66
Oakbay2022 155 7 66
Oakbay2022 155 21 66
Oakbay2022 155 20 66
Oakbay2022 155 17 66
Oakbay2022 156 26 17
Oakbay2022 156 17 18
Oakbay2022 157 9 23
Oakbay2022 157 23 14
Oakbay2022 157 23 14
Oakbay2022 157 24 14
Oakbay2022 157 28 23
Oakbay2022 157 22 23
Oakbay2022 157 12 23
Oakbay2022 158 6 7
Oakbay2022 166 2 49
Oakbay2022 166 3 40
Oakbay2022 166 16 50
Oakbay2023 37 15 50
Oakbay2023 46 25 54
Oakbay2023 46 8 54
Oakbay2023 46 30 54
Oakbay2023 46 19 61
Oakbay2023 50 1 64
Oakbay2023 51 15 17
Oakbay2023 51 7 17
Oakbay2023 52 25 17
Oakbay2023 52 1 17
Oakbay2023 52 14 17
Oakbay2023 52 14 17
Oakbay2023 52 14 17
Oakbay2023 52 9 17
Oakbay2023 52 9 17
Oakbay2023 52 20 17
Oakbay2023 52 16 17
Oakbay2023 52 25 17
Oakbay2023 52 17 17
Oakbay2023 52 11 18
Oakbay2023 52 20 17
Oakbay2023 52 2 18
Oakbay2023 52 1 18
Oakbay2023 52 15 18
Oakbay2023 52 3 17
Oakbay2023 52 27 17
Oakbay2023 52 12 17
Oakbay2023 52 26 17
Oakbay2023 54 15 17
Oakbay2023 59 1 8
Oakbay2023 59 3 18
Oakbay2023 59 3 18
Oakbay2023 59 3 18
Oakbay2023 59 28 18
Oakbay2023 61 9 21
Oakbay2023 65 4 13
Oakbay2023 65 13 20
Oakbay2023 65 11 13
Oakbay2023 68 3 11
Oakbay2023 72 1 40
Oakbay2023 72 20 40
Oakbay2023 72 14 40
Oakbay2023 72 14 40
Oakbay2023 72 17 40
Oakbay2023 72 21 41
Oakbay2023 72 9 40
Oakbay2023 72 14 40
Oakbay2023 72 9 40
Oakbay2023 72 14 40
Oakbay2023 72 9 40
Oakbay2023 72 9 40
Oakbay2023 72 22 40
Oakbay2023 72 12 40
Oakbay2023 72 20 40
Oakbay2023 72 14 40
Oakbay2023 72 24 40
Oakbay2023 72 20 40
Oakbay2023 72 30 40
Oakbay2023 72 14 40
Oakbay2023 72 22 40
Oakbay2023 72 14 40
Oakbay2023 72 16 40
Oakbay2023 92 16 48
Oakbay2023 94 22 61
Oakbay2023 94 27 61
Oakbay2023 94 19 61
Oakbay2023 94 5 61
Oakbay2023 94 24 61
Oakbay2023 94 8 61
Oakbay2023 94 20 64
Oakbay2023 95 7 57
Oakbay2023 95 28 57
Oakbay2023 98 4 48
Oakbay2023 98 12 48
Oakbay2023 98 1 48
Oakbay2023 98 9 48
Oakbay2023 98 7 48
Oakbay2023 98 1 48
Oakbay2023 98 9 48
Oakbay2023 98 7 48
Oakbay2023 98 12 48
Oakbay2023 98 21 48
Oakbay2023 100 7 11
Oakbay2023 114 10 27
Oakbay2023 114 15 27
Oakbay2023 116 19 64
Oakbay2023 117 3 13
Oakbay2023 117 7 13
Oakbay2023 119 7 54
Oakbay2023 125 13 34
Oakbay2023 129 20 1
Oakbay2023 131 2 13
Oakbay2023 132 13 3
Oakbay2023 132 13 3
Oakbay2023 133 3 3
Oakbay2023 137 16 3
Oakbay2023 143 25 13
Oakbay2023 146 20 51
Oakbay2023 146 26 51
Oakbay2023 146 29 51
Oakbay2023 146 4 51
Oakbay2023 147 19 32
Oakbay2023 147 19 32
Oakbay2023 147 20 40
Oakbay2023 147 17 40
Oakbay2023 147 17 40
Oakbay2023 147 24 40
Oakbay2023 147 20 40
Oakbay2023 147 20 40
Oakbay2023 147 14 40
Oakbay2023 147 14 40
Oakbay2023 147 16 40
Oakbay2023 147 9 40
Oakbay2023 147 24 40
Oakbay2023 147 24 40
Oakbay2023 147 1 40
Oakbay2023 156 28 18
Oakbay2023 166 16 40
Oakbay2023 166 13 40
Oakbay2023 166 17 40
Oakbay2023 166 18 40
Oakbay2023 166 29 40
Oakbay2023 166 19 40
Oakbay2023 166 29 40
Oakbay2023 166 28 40
Oakbay2023 166 29 40
Oakbay2023 166 19 40
Oakbay2023 166 4 40
