session id occassion trap.id
Oakbay2020 15 21 27
Oakbay2020 15 12 13
Oakbay2020 15 9 27
Oakbay2020 33 9 50
Oakbay2020 39 23 57
Oakbay2020 39 29 57
Oakbay2020 39 23 57
Oakbay2020 39 22 57
Oakbay2020 39 24 57
Oakbay2020 39 30 57
Oakbay2020 39 23 57
Oakbay2020 39 28 57
Oakbay2020 42 11 54
Oakbay2020 42 26 52
Oakbay2020 42 16 54
Oakbay2020 46 15 54
Oakbay2020 46 23 54
Oakbay2020 46 18 54
Oakbay2020 46 23 54
Oakbay2020 46 27 62
Oakbay2020 47 3 55
Oakbay2020 47 7 55
Oakbay2020 47 9 55
Oakbay2020 47 5 55
Oakbay2020 57 1 15
Oakbay2020 57 4 28
Oakbay2020 57 1 15
Oakbay2020 57 26 28
Oakbay2020 59 21 18
Oakbay2020 59 10 22
Oakbay2020 59 16 18
Oakbay2020 59 22 22
Oakbay2020 59 11 18
Oakbay2020 59 22 22
Oakbay2020 59 16 18
Oakbay2020 59 18 18
Oakbay2020 59 16 18
Oakbay2020 59 6 22
Oakbay2020 59 7 22
Oakbay2020 59 8 22
Oakbay2020 59 18 22
Oakbay2020 59 22 22
Oakbay2020 59 21 22
Oakbay2020 59 7 22
Oakbay2020 59 22 22
Oakbay2020 63 13 31
Oakbay2020 67 30 13
Oakbay2020 68 26 10
Oakbay2020 68 25 10
Oakbay2020 68 25 10
Oakbay2020 74 10 10
Oakbay2020 74 10 10
Oakbay2020 74 19 10
Oakbay2020 74 21 10
Oakbay2020 74 23 10
Oakbay2020 74 19 10
Oakbay2020 74 19 10
Oakbay2020 74 30 10
Oakbay2020 74 7 10
Oakbay2020 74 7 10
Oakbay2020 74 20 10
Oakbay2020 74 24 10
Oakbay2020 76 8 10
Oakbay2020 76 25 10
Oakbay2020 76 12 10
Oakbay2020 76 26 10
Oakbay2020 76 10 10
Oakbay2020 76 20 10
Oakbay2020 76 10 10
Oakbay2020 76 23 10
Oakbay2020 76 24 10
Oakbay2020 76 26 10
Oakbay2020 76 24 10
Oakbay2020 76 30 10
Oakbay2020 76 13 10
Oakbay2020 76 13 10
Oakbay2020 76 20 10
Oakbay2020 76 28 10
Oakbay2020 76 27 10
Oakbay2020 92 25 13
Oakbay2020 92 14 13
Oakbay2020 92 12 13
Oakbay2020 92 14 13
Oakbay2020 92 14 13
Oakbay2020 92 24 67
Oakbay2020 95 23 50
Oakbay2020 95 11 50
Oakbay2020 97 24 28
Oakbay2020 97 3 15
Oakbay2020 97 30 28
Oakbay2020 97 5 15
Oakbay2020 100 27 8
Oakbay2020 100 10 8
Oakbay2020 100 8 8
Oakbay2020 100 30 8
Oakbay2020 100 18 8
