session id occassion trap.id
Oakbay2018 1 27 43
Oakbay2018 1 16 43
Oakbay2018 1 16 43
Oakbay2018 2 7 43
Oakbay2018 2 24 43
Oakbay2018 2 18 43
Oakbay2018 9 1 10
Oakbay2018 9 21 10
Oakbay2018 9 8 10
Oakbay2018 9 22 10
Oakbay2018 9 16 10
Oakbay2018 9 4 10
Oakbay2018 9 7 10
Oakbay2018 9 5 10
Oakbay2018 9 5 10
Oakbay2018 9 6 10
Oakbay2018 9 10 10
Oakbay2018 9 18 10
Oakbay2018 9 13 10
Oakbay2018 9 14 10
Oakbay2018 9 11 10
Oakbay2018 9 15 10
Oakbay2018 9 22 10
Oakbay2018 9 19 10
Oakbay2018 9 19 10
Oakbay2018 9 11 10
Oakbay2018 9 27 10
Oakbay2018 9 9 12
Oakbay2018 15 9 27
Oakbay2018 17 26 49
Oakbay2018 19 8 66
Oakbay2018 22 4 28
Oakbay2018 24 10 57
Oakbay2018 24 4 57
Oakbay2018 24 5 57
Oakbay2018 24 7 57
Oakbay2018 24 17 57
Oakbay2018 24 1 57
Oakbay2018 24 10 57
Oakbay2018 24 28 57
Oakbay2018 24 12 57
Oakbay2018 24 23 57
Oakbay2018 24 15 57
Oakbay2018 24 18 57
Oakbay2018 24 3 57
Oakbay2018 24 7 57
Oakbay2018 25 16 50
Oakbay2018 25 16 50
Oakbay2018 25 24 50
Oakbay2018 26 11 51
