session id occassion trap.id
Oakbay2021 15 8 27
Oakbay2021 15 3 27
Oakbay2021 15 8 27
Oakbay2021 15 11 27
Oakbay2021 15 7 27
Oakbay2021 15 7 27
Oakbay2021 15 5 27
Oakbay2021 15 5 27
Oakbay2021 15 9 27
Oakbay2021 15 7 27
Oakbay2021 24 18 57
Oakbay2021 24 14 57
Oakbay2021 24 15 57
Oakbay2021 24 20 57
Oakbay2021 35 28 50
Oakbay2021 35 28 50
Oakbay2021 35 15 50
Oakbay2021 35 2 50
Oakbay2021 35 30 50
Oakbay2021 35 10 50
Oakbay2021 35 15 50
Oakbay2021 39 14 57
Oakbay2021 39 14 57
Oakbay2021 39 20 57
Oakbay2021 39 23 57
Oakbay2021 39 22 57
Oakbay2021 39 18 57
Oakbay2021 40 5 63
Oakbay2021 40 16 54
Oakbay2021 40 11 56
Oakbay2021 44 17 54
Oakbay2021 44 4 54
Oakbay2021 44 13 63
Oakbay2021 45 27 54
Oakbay2021 46 3 63
Oakbay2021 47 6 56
Oakbay2021 47 3 56
Oakbay2021 47 16 63
Oakbay2021 52 2 18
Oakbay2021 56 14 13
Oakbay2021 56 3 13
Oakbay2021 57 2 16
Oakbay2021 59 10 18
Oakbay2021 65 27 13
Oakbay2021 65 28 13
Oakbay2021 72 17 36
Oakbay2021 72 27 36
Oakbay2021 72 11 36
Oakbay2021 72 30 36
Oakbay2021 72 7 36
Oakbay2021 72 27 36
Oakbay2021 72 3 40
Oakbay2021 72 2 40
Oakbay2021 72 2 40
Oakbay2021 73 3 56
Oakbay2021 74 3 10
Oakbay2021 74 3 10
Oakbay2021 74 3 10
Oakbay2021 74 16 10
Oakbay2021 74 7 10
Oakbay2021 74 12 10
Oakbay2021 74 12 10
Oakbay2021 74 13 10
Oakbay2021 74 1 10
Oakbay2021 74 14 10
Oakbay2021 74 2 10
Oakbay2021 74 11 10
Oakbay2021 74 11 10
Oakbay2021 76 15 10
Oakbay2021 76 18 13
Oakbay2021 76 6 10
Oakbay2021 76 4 10
Oakbay2021 76 15 10
Oakbay2021 76 15 10
Oakbay2021 76 1 10
Oakbay2021 76 15 10
Oakbay2021 76 28 13
Oakbay2021 78 21 54
Oakbay2021 82 1 10
Oakbay2021 82 1 10
Oakbay2021 83 14 6
Oakbay2021 83 19 6
Oakbay2021 83 8 6
Oakbay2021 83 5 6
Oakbay2021 83 7 6
Oakbay2021 83 13 6
Oakbay2021 83 15 6
Oakbay2021 83 28 6
Oakbay2021 83 30 6
Oakbay2021 83 15 6
Oakbay2021 83 28 6
Oakbay2021 83 8 6
Oakbay2021 85 17 54
Oakbay2021 87 1 10
Oakbay2021 94 4 54
Oakbay2021 94 29 54
Oakbay2021 94 11 54
Oakbay2021 94 30 54
Oakbay2021 94 1 54
Oakbay2021 94 21 54
Oakbay2021 95 16 49
Oakbay2021 95 17 50
Oakbay2021 95 10 49
Oakbay2021 95 30 50
Oakbay2021 95 30 50
Oakbay2021 95 3 50
Oakbay2021 95 20 50
Oakbay2021 95 5 50
Oakbay2021 95 8 50
Oakbay2021 95 25 50
Oakbay2021 95 4 50
Oakbay2021 95 18 50
Oakbay2021 95 1 50
Oakbay2021 95 24 50
Oakbay2021 95 23 50
Oakbay2021 95 7 50
Oakbay2021 95 2 50
Oakbay2021 95 28 50
Oakbay2021 95 8 50
Oakbay2021 95 11 50
Oakbay2021 95 26 50
Oakbay2021 95 30 50
Oakbay2021 98 12 48
Oakbay2021 98 12 48
Oakbay2021 98 12 48
Oakbay2021 98 16 48
Oakbay2021 99 21 50
Oakbay2021 99 7 56
Oakbay2021 99 10 50
Oakbay2021 99 9 50
Oakbay2021 99 29 56
Oakbay2021 99 5 56
Oakbay2021 100 3 5
Oakbay2021 100 9 5
Oakbay2021 100 2 5
Oakbay2021 103 1 3
Oakbay2021 103 6 1
Oakbay2021 103 11 3
Oakbay2021 103 17 3
Oakbay2021 103 1 3
Oakbay2021 103 1 3
Oakbay2021 103 11 3
Oakbay2021 105 8 56
Oakbay2021 105 23 56
Oakbay2021 105 29 56
Oakbay2021 111 5 63
Oakbay2021 118 9 13
Oakbay2021 118 3 13
Oakbay2021 118 15 13
Oakbay2021 118 3 13
Oakbay2021 118 9 13
Oakbay2021 119 18 54
Oakbay2021 119 18 54
Oakbay2021 119 3 54
Oakbay2021 120 29 56
Oakbay2021 125 3 34
Oakbay2021 125 1 34
Oakbay2021 128 29 1
Oakbay2021 128 13 3
Oakbay2021 128 27 3
Oakbay2021 128 25 1
Oakbay2021 128 22 3
Oakbay2021 128 13 3
Oakbay2021 129 17 1
Oakbay2021 129 27 3
Oakbay2021 131 19 13
Oakbay2021 133 11 3
Oakbay2021 133 11 3
Oakbay2021 143 13 5
Oakbay2021 143 28 5
Oakbay2021 143 10 10
Oakbay2021 144 22 49
Oakbay2021 144 14 49
Oakbay2021 144 4 49
Oakbay2021 144 24 49
Oakbay2021 144 9 49
Oakbay2021 144 9 49
Oakbay2021 144 24 50
Oakbay2021 144 4 49
Oakbay2021 147 17 36
Oakbay2021 147 17 36
Oakbay2021 147 18 36
Oakbay2021 151 7 63
Oakbay2021 151 3 63
Oakbay2021 157 3 14
Oakbay2021 157 14 14
Oakbay2021 157 22 14
Oakbay2021 157 10 18
Oakbay2021 157 9 18
Oakbay2021 158 17 1
Oakbay2021 158 2 1
Oakbay2021 165 26 6
Oakbay2021 165 24 6
Oakbay2021 165 25 6
Oakbay2021 165 25 6
Oakbay2021 165 5 6
Oakbay2021 165 10 6
Oakbay2021 165 19 6
Oakbay2021 165 12 6
Oakbay2021 165 28 6
Oakbay2021 165 13 6
Oakbay2021 165 1 10
Oakbay2021 165 15 6
Oakbay2021 165 14 6
Oakbay2021 165 6 6
Oakbay2021 165 10 6
Oakbay2021 165 12 6
Oakbay2021 165 12 6
Oakbay2021 165 30 6
Oakbay2021 166 14 49
Oakbay2021 166 6 50
Oakbay2021 166 9 49
Oakbay2021 166 4 49
Oakbay2021 166 13 49
Oakbay2021 166 1 50
Oakbay2021 166 4 49
Oakbay2021 166 24 49
Oakbay2021 166 9 49
Oakbay2021 2 0 1
Oakbay2021 3 0 1
Oakbay2021 4 0 1
Oakbay2021 6 0 1
Oakbay2021 8 0 1
Oakbay2021 10 0 1
Oakbay2021 16 0 1
Oakbay2021 17 0 1
Oakbay2021 19 0 1
Oakbay2021 20 0 1
Oakbay2021 22 0 1
Oakbay2021 23 0 1
Oakbay2021 26 0 1
Oakbay2021 27 0 1
Oakbay2021 28 0 1
Oakbay2021 29 0 1
Oakbay2021 30 0 1
Oakbay2021 31 0 1
Oakbay2021 32 0 1
Oakbay2021 33 0 1
Oakbay2021 34 0 1
Oakbay2021 37 0 1
Oakbay2021 43 0 1
Oakbay2021 49 0 1
Oakbay2021 50 0 1
Oakbay2021 51 0 1
Oakbay2021 53 0 1
Oakbay2021 54 0 1
Oakbay2021 55 0 1
Oakbay2021 58 0 1
Oakbay2021 60 0 1
Oakbay2021 61 0 1
Oakbay2021 62 0 1
Oakbay2021 63 0 1
Oakbay2021 64 0 1
Oakbay2021 66 0 1
Oakbay2021 67 0 1
Oakbay2021 68 0 1
Oakbay2021 70 0 1
Oakbay2021 71 0 1
Oakbay2021 77 0 1
Oakbay2021 79 0 1
Oakbay2021 80 0 1
Oakbay2021 86 0 1
Oakbay2021 88 0 1
Oakbay2021 89 0 1
Oakbay2021 90 0 1
Oakbay2021 91 0 1
Oakbay2021 92 0 1
Oakbay2021 93 0 1
Oakbay2021 97 0 1
Oakbay2021 101 0 1
Oakbay2021 102 0 1
Oakbay2021 104 0 1
Oakbay2021 106 0 1
Oakbay2021 108 0 1
Oakbay2021 109 0 1
Oakbay2021 112 0 1
Oakbay2021 113 0 1
Oakbay2021 114 0 1
Oakbay2021 115 0 1
Oakbay2021 116 0 1
Oakbay2021 117 0 1
Oakbay2021 121 0 1
Oakbay2021 122 0 1
Oakbay2021 124 0 1
Oakbay2021 126 0 1
Oakbay2021 127 0 1
Oakbay2021 132 0 1
Oakbay2021 134 0 1
Oakbay2021 135 0 1
Oakbay2021 136 0 1
Oakbay2021 137 0 1
Oakbay2021 138 0 1
Oakbay2021 139 0 1
Oakbay2021 140 0 1
Oakbay2021 141 0 1
Oakbay2021 142 0 1
Oakbay2021 145 0 1
Oakbay2021 146 0 1
Oakbay2021 148 0 1
Oakbay2021 149 0 1
Oakbay2021 150 0 1
Oakbay2021 153 0 1
Oakbay2021 154 0 1
Oakbay2021 156 0 1
Oakbay2021 159 0 1
Oakbay2021 160 0 1
Oakbay2021 161 0 1
Oakbay2021 162 0 1
Oakbay2021 163 0 1
Oakbay2021 164 0 1
