session id occassion trap.id
Oakbay2020 15 21 27
Oakbay2020 15 12 13
Oakbay2020 15 9 27
Oakbay2020 33 9 50
Oakbay2020 39 23 57
Oakbay2020 39 29 57
Oakbay2020 39 23 57
Oakbay2020 39 22 57
Oakbay2020 39 24 57
Oakbay2020 39 30 57
Oakbay2020 39 23 57
Oakbay2020 39 28 57
Oakbay2020 42 11 54
Oakbay2020 42 26 52
Oakbay2020 42 16 54
Oakbay2020 46 15 54
Oakbay2020 46 23 54
Oakbay2020 46 18 54
Oakbay2020 46 23 54
Oakbay2020 46 27 62
Oakbay2020 47 3 55
Oakbay2020 47 7 55
Oakbay2020 47 9 55
Oakbay2020 47 5 55
Oakbay2020 57 1 15
Oakbay2020 57 4 28
Oakbay2020 57 1 15
Oakbay2020 57 26 28
Oakbay2020 59 21 18
Oakbay2020 59 10 22
Oakbay2020 59 16 18
Oakbay2020 59 22 22
Oakbay2020 59 11 18
Oakbay2020 59 22 22
Oakbay2020 59 16 18
Oakbay2020 59 18 18
Oakbay2020 59 16 18
Oakbay2020 59 6 22
Oakbay2020 59 7 22
Oakbay2020 59 8 22
Oakbay2020 59 18 22
Oakbay2020 59 22 22
Oakbay2020 59 21 22
Oakbay2020 59 7 22
Oakbay2020 59 22 22
Oakbay2020 63 13 31
Oakbay2020 67 30 13
Oakbay2020 68 26 10
Oakbay2020 68 25 10
Oakbay2020 68 25 10
Oakbay2020 74 10 10
Oakbay2020 74 10 10
Oakbay2020 74 19 10
Oakbay2020 74 21 10
Oakbay2020 74 23 10
Oakbay2020 74 19 10
Oakbay2020 74 19 10
Oakbay2020 74 30 10
Oakbay2020 74 7 10
Oakbay2020 74 7 10
Oakbay2020 74 20 10
Oakbay2020 74 24 10
Oakbay2020 76 8 10
Oakbay2020 76 25 10
Oakbay2020 76 12 10
Oakbay2020 76 26 10
Oakbay2020 76 10 10
Oakbay2020 76 20 10
Oakbay2020 76 10 10
Oakbay2020 76 23 10
Oakbay2020 76 24 10
Oakbay2020 76 26 10
Oakbay2020 76 24 10
Oakbay2020 76 30 10
Oakbay2020 76 13 10
Oakbay2020 76 13 10
Oakbay2020 76 20 10
Oakbay2020 76 28 10
Oakbay2020 76 27 10
Oakbay2020 92 25 13
Oakbay2020 92 14 13
Oakbay2020 92 12 13
Oakbay2020 92 14 13
Oakbay2020 92 14 13
Oakbay2020 92 24 67
Oakbay2020 95 23 50
Oakbay2020 95 11 50
Oakbay2020 97 24 28
Oakbay2020 97 3 15
Oakbay2020 97 30 28
Oakbay2020 97 5 15
Oakbay2020 100 27 8
Oakbay2020 100 10 8
Oakbay2020 100 8 8
Oakbay2020 100 30 8
Oakbay2020 100 18 8
Oakbay2020 2 0 1
Oakbay2020 3 0 1
Oakbay2020 4 0 1
Oakbay2020 6 0 1
Oakbay2020 7 0 1
Oakbay2020 8 0 1
Oakbay2020 10 0 1
Oakbay2020 11 0 1
Oakbay2020 16 0 1
Oakbay2020 17 0 1
Oakbay2020 19 0 1
Oakbay2020 20 0 1
Oakbay2020 22 0 1
Oakbay2020 23 0 1
Oakbay2020 24 0 1
Oakbay2020 25 0 1
Oakbay2020 26 0 1
Oakbay2020 27 0 1
Oakbay2020 28 0 1
Oakbay2020 29 0 1
Oakbay2020 30 0 1
Oakbay2020 31 0 1
Oakbay2020 32 0 1
Oakbay2020 34 0 1
Oakbay2020 35 0 1
Oakbay2020 36 0 1
Oakbay2020 37 0 1
Oakbay2020 38 0 1
Oakbay2020 40 0 1
Oakbay2020 43 0 1
Oakbay2020 44 0 1
Oakbay2020 45 0 1
Oakbay2020 48 0 1
Oakbay2020 49 0 1
Oakbay2020 50 0 1
Oakbay2020 51 0 1
Oakbay2020 52 0 1
Oakbay2020 53 0 1
Oakbay2020 54 0 1
Oakbay2020 55 0 1
Oakbay2020 56 0 1
Oakbay2020 58 0 1
Oakbay2020 60 0 1
Oakbay2020 61 0 1
Oakbay2020 62 0 1
Oakbay2020 64 0 1
Oakbay2020 65 0 1
Oakbay2020 66 0 1
Oakbay2020 69 0 1
Oakbay2020 70 0 1
Oakbay2020 71 0 1
Oakbay2020 72 0 1
Oakbay2020 73 0 1
Oakbay2020 75 0 1
Oakbay2020 77 0 1
Oakbay2020 78 0 1
Oakbay2020 79 0 1
Oakbay2020 80 0 1
Oakbay2020 82 0 1
Oakbay2020 83 0 1
Oakbay2020 85 0 1
Oakbay2020 86 0 1
Oakbay2020 87 0 1
Oakbay2020 88 0 1
Oakbay2020 89 0 1
Oakbay2020 90 0 1
Oakbay2020 91 0 1
Oakbay2020 93 0 1
Oakbay2020 94 0 1
Oakbay2020 99 0 1
Oakbay2020 101 0 1
Oakbay2020 102 0 1
Oakbay2020 103 0 1
Oakbay2020 104 0 1
Oakbay2020 105 0 1
Oakbay2020 106 0 1
Oakbay2020 107 0 1
Oakbay2020 108 0 1
Oakbay2020 109 0 1
Oakbay2020 110 0 1
Oakbay2020 111 0 1
Oakbay2020 112 0 1
Oakbay2020 113 0 1
Oakbay2020 114 0 1
Oakbay2020 115 0 1
Oakbay2020 116 0 1
Oakbay2020 117 0 1
Oakbay2020 118 0 1
Oakbay2020 119 0 1
Oakbay2020 120 0 1
Oakbay2020 121 0 1
Oakbay2020 122 0 1
Oakbay2020 123 0 1
Oakbay2020 124 0 1
Oakbay2020 125 0 1
Oakbay2020 126 0 1
Oakbay2020 127 0 1
Oakbay2020 128 0 1
Oakbay2020 129 0 1
Oakbay2020 130 0 1
Oakbay2020 131 0 1
Oakbay2020 132 0 1
Oakbay2020 133 0 1
Oakbay2020 134 0 1
Oakbay2020 135 0 1
Oakbay2020 136 0 1
Oakbay2020 137 0 1
Oakbay2020 138 0 1
Oakbay2020 139 0 1
Oakbay2020 140 0 1
Oakbay2020 141 0 1
Oakbay2020 142 0 1
Oakbay2020 143 0 1
Oakbay2020 144 0 1
Oakbay2020 145 0 1
Oakbay2020 146 0 1
Oakbay2020 147 0 1
Oakbay2020 148 0 1
Oakbay2020 149 0 1
Oakbay2020 150 0 1
Oakbay2020 151 0 1
Oakbay2020 152 0 1
Oakbay2020 153 0 1
Oakbay2020 154 0 1
Oakbay2020 155 0 1
Oakbay2020 156 0 1
Oakbay2020 157 0 1
Oakbay2020 158 0 1
Oakbay2020 159 0 1
Oakbay2020 160 0 1
Oakbay2020 161 0 1
Oakbay2020 162 0 1
Oakbay2020 163 0 1
Oakbay2020 164 0 1
Oakbay2020 165 0 1
Oakbay2020 166 0 1
