session id occassion trap.id
Oakbay2022 24 16 57
Oakbay2022 24 16 40
Oakbay2022 24 7 57
Oakbay2022 29 29 48
Oakbay2022 29 16 3
Oakbay2022 29 23 3
Oakbay2022 29 4 48
Oakbay2022 29 26 48
Oakbay2022 29 10 48
Oakbay2022 35 29 41
Oakbay2022 35 1 49
Oakbay2022 35 1 49
Oakbay2022 35 2 49
Oakbay2022 35 8 56
Oakbay2022 35 2 49
Oakbay2022 35 2 49
Oakbay2022 35 29 56
Oakbay2022 35 17 50
Oakbay2022 35 6 50
Oakbay2022 37 26 56
Oakbay2022 40 27 56
Oakbay2022 40 27 56
Oakbay2022 40 7 56
Oakbay2022 40 17 56
Oakbay2022 40 16 56
Oakbay2022 40 4 56
Oakbay2022 43 6 64
Oakbay2022 43 9 64
Oakbay2022 44 17 54
Oakbay2022 44 16 61
Oakbay2022 44 9 61
Oakbay2022 44 12 54
Oakbay2022 46 4 54
Oakbay2022 47 18 56
Oakbay2022 47 26 56
Oakbay2022 47 22 66
Oakbay2022 47 10 56
Oakbay2022 50 8 66
Oakbay2022 50 8 66
Oakbay2022 51 19 17
Oakbay2022 51 20 17
Oakbay2022 51 9 17
Oakbay2022 51 9 17
Oakbay2022 51 23 17
Oakbay2022 51 13 17
Oakbay2022 51 7 17
Oakbay2022 51 13 17
Oakbay2022 51 21 17
Oakbay2022 51 19 17
Oakbay2022 51 13 17
Oakbay2022 52 17 17
Oakbay2022 52 20 17
Oakbay2022 52 15 17
Oakbay2022 52 25 17
Oakbay2022 52 27 17
Oakbay2022 52 13 18
Oakbay2022 52 5 17
Oakbay2022 52 4 17
Oakbay2022 52 17 17
Oakbay2022 52 19 17
Oakbay2022 52 27 18
Oakbay2022 52 15 17
Oakbay2022 52 22 17
Oakbay2022 52 29 17
Oakbay2022 52 8 17
Oakbay2022 52 10 17
Oakbay2022 54 20 17
Oakbay2022 54 2 17
Oakbay2022 54 2 17
Oakbay2022 54 2 17
Oakbay2022 59 10 18
Oakbay2022 59 15 18
Oakbay2022 61 1 14
Oakbay2022 61 9 14
Oakbay2022 61 13 21
Oakbay2022 61 6 21
Oakbay2022 61 24 21
Oakbay2022 61 18 21
Oakbay2022 61 10 21
Oakbay2022 61 17 21
Oakbay2022 61 20 21
Oakbay2022 72 16 36
Oakbay2022 72 6 36
Oakbay2022 72 7 36
Oakbay2022 73 1 66
Oakbay2022 88 2 27
Oakbay2022 91 22 40
Oakbay2022 91 12 57
Oakbay2022 91 4 57
Oakbay2022 94 16 61
Oakbay2022 99 16 61
Oakbay2022 99 26 61
Oakbay2022 99 21 61
Oakbay2022 99 22 61
Oakbay2022 100 27 3
Oakbay2022 100 13 5
Oakbay2022 100 17 5
Oakbay2022 100 17 5
Oakbay2022 106 29 56
Oakbay2022 106 14 50
Oakbay2022 109 24 56
Oakbay2022 109 13 56
Oakbay2022 111 1 49
Oakbay2022 111 2 49
Oakbay2022 111 1 49
Oakbay2022 113 17 56
Oakbay2022 115 19 18
Oakbay2022 116 6 66
Oakbay2022 119 1 54
Oakbay2022 119 20 54
Oakbay2022 119 12 54
Oakbay2022 119 2 54
Oakbay2022 125 23 34
Oakbay2022 125 28 36
Oakbay2022 125 27 36
Oakbay2022 125 28 36
Oakbay2022 125 6 41
Oakbay2022 125 6 41
Oakbay2022 125 27 36
Oakbay2022 126 1 27
Oakbay2022 127 19 3
Oakbay2022 127 11 3
Oakbay2022 127 16 3
Oakbay2022 128 12 3
Oakbay2022 128 19 3
Oakbay2022 128 19 3
Oakbay2022 128 15 3
Oakbay2022 128 16 3
Oakbay2022 128 19 3
Oakbay2022 128 21 3
Oakbay2022 128 16 3
Oakbay2022 132 29 3
Oakbay2022 134 29 64
Oakbay2022 134 30 64
Oakbay2022 134 26 64
Oakbay2022 134 20 64
Oakbay2022 134 29 64
Oakbay2022 134 21 64
Oakbay2022 143 15 11
Oakbay2022 143 8 11
Oakbay2022 143 28 5
Oakbay2022 143 10 11
Oakbay2022 147 3 40
Oakbay2022 147 3 40
Oakbay2022 147 3 40
Oakbay2022 147 1 40
Oakbay2022 150 24 66
Oakbay2022 150 2 66
Oakbay2022 150 16 66
Oakbay2022 150 16 66
Oakbay2022 155 24 66
Oakbay2022 155 22 66
Oakbay2022 155 11 66
Oakbay2022 155 25 66
Oakbay2022 155 25 66
Oakbay2022 155 13 66
Oakbay2022 155 16 66
Oakbay2022 155 16 66
Oakbay2022 155 24 66
Oakbay2022 155 21 66
Oakbay2022 155 24 66
Oakbay2022 155 7 66
Oakbay2022 155 9 66
Oakbay2022 155 21 66
Oakbay2022 155 7 66
Oakbay2022 155 7 66
Oakbay2022 155 21 66
Oakbay2022 155 20 66
Oakbay2022 155 17 66
Oakbay2022 156 26 17
Oakbay2022 156 17 18
Oakbay2022 157 9 23
Oakbay2022 157 23 14
Oakbay2022 157 23 14
Oakbay2022 157 24 14
Oakbay2022 157 28 23
Oakbay2022 157 22 23
Oakbay2022 157 12 23
Oakbay2022 158 6 7
Oakbay2022 166 2 49
Oakbay2022 166 3 40
Oakbay2022 166 16 50
